Molecule: h2o
Wavefucntion: fci
Geometries: 1.0
Method: GCSA_FC
Qubit Transformation: BK

CSA fragments: 9
FC fragments: 73
[1.03390970e+01 1.01825295e+01 5.59813778e-02 1.51707805e-03
 9.62900704e-03 8.25995742e-04 2.73397244e-03 8.59700104e-04
 4.42484167e-04 1.84317944e-05 2.51094197e-05 3.13485462e-05
 6.89155072e-05 7.24863587e-05 4.03432484e-05 3.57656336e-05
 2.40714945e-05 1.12150165e-05 1.11907504e-05 1.24994415e-05
 5.21397010e-06 1.65179419e-05 1.46863246e-05 1.43696251e-05
 1.42115387e-05 2.24225144e-05 1.75372853e-05 3.28236270e-06
 8.59681851e-06 5.03310125e-06 6.54764381e-06 5.75618320e-06
 8.87964928e-06 2.52367790e-05 5.02935697e-06 1.41520926e-05
 4.99603784e-06 2.57571664e-06 3.89717592e-06 7.29625286e-06
 6.13619194e-06 4.06380769e-06 4.90053387e-06 3.94068297e-06
 4.36061207e-06 5.18050444e-06 6.71475474e-06 6.92803439e-06
 8.69499643e-06 7.24209360e-06 1.00638360e-05 3.84318116e-06
 3.13890843e-06 2.33672551e-06 5.73555948e-06 2.06230057e-06
 2.20188516e-06 7.88929415e-06 2.29827195e-06 2.83231022e-06
 2.06923767e-06 7.13785736e-06 2.61288644e-06 2.92792672e-06
 4.83900955e-07 2.22099929e-06 3.97449893e-06 4.14254257e-06
 3.74537496e-06 3.31947939e-06 5.33458765e-06 6.49715981e-06
 9.91574214e-06 1.03070991e-06 4.97878360e-07 2.47559330e-06
 1.70874226e-06 9.98256784e-08 2.11127615e-06 1.41973817e-06
 2.66188440e-06 1.46673889e-06]
GCSA_FC parts - H_BK: 0
sum_i <H_i>: -75.01768869618265
Sum over sqrt: 7.111334380144095

