The number of orbitals is 7
Google yields: 26
Using gradient: True
Using alpha = 10
Sum of square is 6.598940156607416e-28
The solution is
[ 2.18202541e-01  1.23860482e-01  2.00137453e-01  1.73179622e-02
  1.64764215e-01  1.51485765e-01  2.03296835e-01 -6.17913537e-02
  2.31968766e-03 -7.03400606e-02 -1.62465928e-02  8.44159953e-03
  4.23284685e-02  5.40995674e-02  4.80092209e-02  6.76179586e-02
  8.97260735e-02  7.16988795e-02 -6.60725247e-02 -7.90507048e-02
 -2.72602584e-02 -2.66104686e-02 -2.83420532e-01  2.66356328e-02
  7.84899594e-02  1.01382086e-01  1.10131331e-01  1.11273758e-01
  6.90870867e+00 -5.98122133e-02  1.03727987e-01  3.89837432e+00
  5.62837061e+00  4.68982332e+00  6.29640291e+00  3.39408931e+00
  3.64244812e+00  7.07643259e-01  4.27522551e+00  1.20305882e+00
 -5.81704840e-02  3.95588242e+00  4.84834775e+00  2.50542344e+00
  5.65347136e+00  3.65939053e+00  5.11085594e+00  5.17148361e+00
  7.10019296e-01  4.27084637e-02  1.02877095e-01  1.85601264e-02
  3.57020091e-02 -1.01702855e-01  7.01329861e-02  8.92680415e-02
  2.39862505e-01  9.26047341e-02  1.01422697e-01  1.30895355e-02
  1.31377740e-01  8.69971075e-02  3.29235713e-02  5.47697531e-02
 -1.57040360e-01  7.22235562e-02  9.71051434e-02  1.17629427e-01
 -7.23951983e-02  1.30259463e-01  1.06645792e-01 -2.39449140e-01
 -6.83139309e-02 -4.67416312e-02  6.62182996e-02  9.88526329e-02
  1.44839424e-01  2.14071749e+00  1.73169603e+00  4.04386160e+00
  3.98501745e-01  2.88972857e+00  9.48816994e-01  7.98275518e-01
  4.92205196e+00  1.45725457e+00  3.02103334e+00  2.29598152e+00
  6.09322024e+00  1.54379189e+00  4.34358337e+00  1.68018065e+00
  3.07513883e+00  3.07307526e+00  5.94397872e+00  7.61709001e+00
  2.68475659e+00  2.21827503e+00  1.35444299e-01  1.02859237e-01
  1.14173553e-01  1.01065543e-01  5.03548084e-02  9.07320317e-02
  1.25426105e-01  4.88878356e-02  7.84346994e-02  4.24726081e-02
  4.47458582e-02  1.29649970e-02  3.34778896e-02 -8.68983920e-02
  7.78892931e-02 -7.33145868e-02 -2.20844573e-02 -2.94546095e-02
  7.10658494e-02  3.25193252e-02  5.43610550e-02  1.19330396e-01
 -5.66067237e-02 -3.31302336e-02  4.53080698e-02  2.22909446e-02
  6.30602857e-02  9.50513084e-02  4.66123211e+00  2.15114717e+00
  6.68465678e-01  4.38729192e+00  4.45070036e+00  1.90347559e+00
  6.18104168e+00  1.01137684e+00  2.65723509e+00  1.79864792e+00
  4.94201038e+00  4.60918545e+00  1.02634764e+00  2.99508066e+00
  3.01074825e+00  2.60350636e+00  3.47285348e+00  2.99423807e+00
  2.66186460e+00  3.14037286e+00  4.22006734e+00  1.89279196e-01
  1.90264256e-02 -1.98281797e-02 -8.17669454e-02  2.12973634e-02
 -1.75449837e-02 -1.40619454e-01  3.67332161e-01  1.54918485e-01
  1.34727363e-01  1.57101325e-01  1.48672686e-01  4.28758590e-02
 -5.65063641e-03 -1.97024173e-02  3.36139347e-03  4.64068028e-02
  2.09923665e-02  1.43289251e-01 -2.50877087e-03  5.80661286e-02
 -4.42115206e-02  1.42345477e-02  6.09730261e-02 -5.97983474e-02
  1.02616676e-01 -1.48290402e-03 -3.16299132e-02  2.84010155e+00
  3.73047099e+00  6.50884088e+00  1.59079334e+00  5.69263326e+00
  3.92010431e+00  3.39249923e+00  3.42350408e+00  4.47569802e+00
  3.48358509e+00  3.42712337e+00  1.33282167e+00 -6.99261348e-01
  6.02608944e+00  4.47403970e+00  2.20474553e+00  1.98272701e+00
 -1.88642205e-01  4.30124335e+00  2.72524861e+00  4.86154854e+00
 -1.43019046e-02 -5.63969097e-02 -5.23734890e-02  7.43073096e-02
  1.17469649e-01 -2.19464251e-02 -2.54965565e-02  2.90801075e-01
 -6.49956346e-02 -6.54326709e-02  1.97187027e-01  1.50218031e-01
 -3.31167132e-02  3.68000743e-02 -4.79214138e-02  5.46566872e-02
 -4.25487682e-02 -5.10864608e-02 -1.21887980e-01  3.95247922e-02
  8.57416152e-02  1.87872333e-02  2.70309374e-01  2.34393498e-01
  6.15683114e-02  2.39327601e-01  1.64670570e-02 -2.96274213e-02
  5.05456549e+00  1.43382939e+00  4.45901649e+00  3.20228196e+00
  5.73920076e+00  3.68859557e+00  3.00860174e+00  5.34860134e+00
  5.36656552e+00  4.90671084e+00  1.29940259e+00  4.07400406e+00
  1.06641758e+00  1.93073573e+00  5.71583907e+00 -1.41239965e-01
  5.57671580e+00  1.63427557e+00  4.49392376e-01  2.09715662e+00
  3.40673845e+00  1.65177566e-01  1.11297800e-02 -7.17432048e-02
 -8.98911406e-02 -3.27176718e-01 -6.59100069e-02  1.29484309e-01
  1.32400840e-01  1.59959258e-02  2.00867288e-02 -5.20962838e-02
  8.95271293e-03  1.50630677e-01 -6.22937260e-02 -2.52681956e-02
 -1.70354910e-01  2.30101281e-02  1.11616651e-01  2.93996836e-02
 -2.13443939e-01  6.08288009e-03  1.53524699e-01  1.27999368e+00
 -1.78190505e-01 -1.52123408e-01  2.48868702e-03  1.03086741e-01
  3.25857334e-01  2.93876078e+00  6.66214583e-01  4.87474845e+00
  7.04758351e-01  2.59694805e+00  1.12514323e+00  4.76098511e-01
 -8.66876705e-03  2.52480224e+00  4.80396896e+00  6.14862942e+00
  3.60338600e-01  4.24494907e-01  4.57369838e+00  4.22763636e+00
  3.44283598e+00  3.49044330e+00  4.95066593e+00  3.68291506e+00
  3.35989231e+00  2.86237723e+00  2.66814358e-01  1.16414742e-01
  1.47154981e-01  4.54022200e-02  5.45229967e-02  1.91516619e-01
  2.31362503e-02  1.45764987e-01  7.62986749e-02  2.87732037e-02
  3.43602094e-02  1.45619137e-01 -2.05759444e-02  4.47029757e-02
 -2.70788837e-02 -4.46822006e-03  7.50957735e-02 -4.56230955e-02
  2.66852626e-02  6.11533129e-03  5.99397038e-02 -8.24178580e-02
  2.53956999e-02  6.69701072e-02 -8.36375631e-02  1.13308046e-01
 -1.11628409e-02 -1.58599884e-01  4.84123878e+00  4.68186972e+00
  3.20157052e-01  6.95416404e-01  2.13075101e+00  4.30172767e+00
  1.55320031e+00  5.46934464e+00 -4.98738711e-01  9.72357579e-01
 -2.73305870e-01  2.14503712e+00  1.27737701e+00  3.90379252e+00
  3.62323130e+00 -9.69945241e-02  5.70866642e+00  4.26648699e+00
  4.48544005e+00  2.45001377e+00  3.89786257e+00  7.36852829e-02
  1.45728460e-01  1.82382664e-02 -5.18716180e-02  1.17428189e-01
  8.78196154e-03  1.56341388e-01  1.93063502e-01  7.68098707e-02
  3.98717821e-02  1.55665765e-01 -2.84767367e-02  1.43903189e-01
  1.91733306e-02  9.58992860e-02  4.99686518e-02 -4.22139732e-02
 -4.29600937e-02  1.61507179e-01  1.30806210e-02 -9.18283733e-02
 -1.75373191e-01  1.80790576e-01 -1.54706432e-02  1.81114628e-01
  2.07693090e-02 -1.35266887e-01 -7.93273439e-03  3.23090477e+00
  7.85933997e-01  1.20630045e+00  3.30730383e+00  3.99393229e+00
  3.48360347e+00  7.88466464e-01  1.39224400e+00  1.54924175e+00
  2.72640859e+00  1.27281708e+00  3.15498161e+00  4.08715267e+00
  2.26023931e+00  1.45179136e+00  6.88052402e+00  3.48169301e+00
  4.11967584e+00  1.66369078e-01  5.01388109e+00 -5.22429380e-01
  1.16093344e-01  6.36320870e-02 -2.17672506e-02  5.24506945e-02
  3.06564382e-01  4.52872443e-03  1.15555325e-01  1.23281194e-01
 -1.36912852e-01 -4.16426518e-02  1.84369320e-01 -5.30850341e-02
  7.49331237e-04 -1.51181668e-01 -1.06613522e-01  8.23953398e-02
 -1.33861091e-01 -7.11011564e-02 -3.75011506e-02  1.59974662e-01
 -5.88932775e-02  2.81273310e-03  5.06541700e-01  1.55324323e-01
  2.11266447e-01 -1.12626908e-01  6.43572624e-02  3.57166773e-02
  6.04695046e+00  9.23546954e-01  5.03352426e+00  2.58528270e+00
  1.23899479e+00 -2.84968098e-01  1.62677828e+00  5.14328542e+00
  4.43152530e+00  2.78794053e+00  5.50979719e+00  2.96924444e+00
  2.68228320e+00  1.67397894e+00  3.67069362e+00  4.73405947e-01
  1.89129314e+00  2.84962841e+00  6.08571906e+00  4.92392445e+00
  8.80039926e-02  1.31045278e-01 -5.98491430e-02  1.01909213e-01
 -1.03464338e-03  1.64303166e-01  1.02569063e-01  2.60576702e-01
  5.35352092e-02 -4.94095270e-03 -1.53002161e-01 -4.81146338e-02
  1.30701248e-01  8.77606774e-02 -1.58907248e-02 -7.83982817e-02
  1.31211483e-02  7.94327568e-02  2.88467204e-02 -6.43159579e-02
  5.62773945e-03  2.52194463e-03  1.62898325e-02  1.99630109e-01
  1.90184946e-02  1.76695196e-01 -1.57376641e-01  1.34306042e-01
  1.35459590e-01  3.30788507e+00  4.08171153e+00  1.69740370e+00
  4.47371076e+00  3.67345634e+00  7.05159243e-01  5.35475163e+00
  4.71165075e+00  1.09981105e+00  1.34447991e+00  2.22538174e+00
  4.63934090e+00  5.87304443e+00  6.34038837e+00  2.36854110e+00
  3.83831052e+00  4.78840561e+00  6.35695946e+00  3.29605187e-01
  3.56634753e+00  5.51367957e+00]
The difference is
[[[[ 8.88178420e-16 -1.11022302e-16  1.96023753e-16 ...  6.93889390e-17
     3.19189120e-16 -1.19695920e-16]
   [-1.11022302e-16 -1.11022302e-16  1.87350135e-16 ... -1.94289029e-16
    -1.94289029e-16 -5.72458747e-16]
   [ 1.96023753e-16  1.73472348e-16 -5.55111512e-16 ... -4.30211422e-16
    -1.38777878e-17 -6.66133815e-16]
   ...
   [ 6.93889390e-17 -1.87350135e-16 -4.30211422e-16 ... -1.11022302e-15
    -2.81025203e-16 -6.93889390e-17]
   [ 3.19189120e-16 -1.94289029e-16 -2.08166817e-17 ... -2.53269627e-16
    -1.05471187e-15  1.11022302e-16]
   [-1.28369537e-16 -5.68989300e-16 -6.66133815e-16 ... -6.24500451e-17
     1.17961196e-16 -1.11022302e-15]]

  [[-1.94289029e-16 -3.53883589e-16  2.67147415e-16 ...  4.77265796e-16
     4.78783679e-16 -1.30711414e-15]
   [-3.53883589e-16  8.00574884e-16  6.83481050e-16 ... -2.93168267e-16
    -3.23525928e-16  3.94649591e-16]
   [ 2.70183181e-16  6.86950496e-16  2.97071395e-16 ... -3.78169718e-16
    -2.39391840e-16 -4.19803081e-16]
   ...
   [ 4.78783679e-16 -2.89698820e-16 -3.79037080e-16 ...  2.81892565e-16
    -6.86516816e-16  6.28837260e-16]
   [ 4.78783679e-16 -3.23092247e-16 -2.38524478e-16 ... -6.84348411e-16
    -4.49727061e-16 -8.00574884e-16]
   [-1.30624678e-15  3.96384314e-16 -4.30211422e-16 ...  6.28837260e-16
    -7.98840161e-16 -7.32053307e-16]]

  [[ 1.72604986e-16  2.70616862e-16 -1.67314079e-15 ...  1.58293517e-16
    -7.99707522e-16  1.31145095e-15]
   [ 2.68882139e-16 -8.98586761e-16 -6.93889390e-17 ...  1.04950770e-16
     1.70870262e-16 -2.04697370e-16]
   [-1.66186509e-15 -6.59194921e-17  9.95731275e-16 ...  2.42861287e-16
     2.51101223e-16  3.43475248e-16]
   ...
   [ 1.56125113e-16  1.02782366e-16  2.42861287e-16 ...  1.42247325e-16
     4.78783679e-16 -9.99200722e-16]
   [-7.98840161e-16  1.70870262e-16  2.51101223e-16 ...  4.79651041e-16
    -6.59194921e-16 -1.58727198e-16]
   [ 1.31492039e-15 -1.99493200e-16  3.40873163e-16 ... -1.00093545e-15
    -1.58727198e-16 -5.68989300e-16]]

  ...

  [[ 5.20417043e-17  4.85939414e-16  1.56341953e-16 ... -2.20309881e-16
     8.50014503e-17 -9.17235038e-16]
   [ 4.89625701e-16  1.70002901e-16 -2.34187669e-16 ...  3.50414142e-16
    -1.76074433e-16  4.78783679e-16]
   [ 1.54607230e-16 -2.29850861e-16  4.89192020e-16 ... -3.79904441e-16
     4.98732999e-16 -1.88000657e-16]
   ...
   [-2.16840434e-16  3.53883589e-16 -3.80771803e-16 ... -1.94289029e-16
    -1.16920362e-15 -1.47451495e-17]
   [ 7.37257477e-17 -1.78676518e-16  4.99600361e-16 ... -1.16920362e-15
    -1.16920362e-15 -2.72351586e-16]
   [-9.13765591e-16  4.80518403e-16 -1.88000657e-16 ... -1.38777878e-17
    -2.81025203e-16 -3.36536354e-16]]

  [[ 2.63677968e-16  4.64905892e-16 -7.99707522e-16 ...  7.32920669e-17
     1.97758476e-16  2.36789754e-16]
   [ 4.64905892e-16  1.43635104e-15 -2.40259201e-16 ... -3.23092247e-16
     8.10983225e-16 -8.43075609e-16]
   [-8.01875927e-16 -2.39391840e-16 -1.43071319e-15 ... -7.25981775e-16
     7.17308157e-16  2.01227923e-16]
   ...
   [ 7.32920669e-17 -3.23092247e-16 -7.25114413e-16 ...  6.03683770e-16
     1.02348685e-16 -6.41847686e-16]
   [ 1.97758476e-16  8.10115863e-16  7.20777604e-16 ...  1.00613962e-16
     3.54750951e-16  4.51028104e-16]
   [ 2.36356074e-16 -8.42208248e-16  2.09901541e-16 ... -6.41414005e-16
     4.47558657e-16 -7.71951947e-17]]

  [[-1.14491749e-16 -1.30451205e-15  1.32272665e-15 ... -9.24173932e-16
     2.36356074e-16  1.41206491e-15]
   [-1.30668046e-15  5.65519853e-16  1.15879528e-15 ... -8.67361738e-19
    -4.79651041e-16 -9.99200722e-16]
   [ 1.32099193e-15  1.15879528e-15 -9.40220124e-16 ...  1.24119465e-15
    -8.07947459e-16 -3.55618313e-17]
   ...
   [-9.26342336e-16  2.16840434e-18  1.24032729e-15 ... -2.70616862e-16
     3.59087760e-16  3.23959609e-16]
   [ 2.36789754e-16 -4.78783679e-16 -8.10549544e-16 ...  3.59087760e-16
     5.16947596e-16 -5.93275429e-16]
   [ 1.41553436e-15 -9.99200722e-16 -3.90312782e-17 ...  3.26561694e-16
    -5.93275429e-16  1.64798730e-15]]]


 [[[-1.66533454e-16 -3.60822483e-16  2.69315820e-16 ...  4.84421531e-16
     4.78783679e-16 -1.30711414e-15]
   [-3.60822483e-16  7.93635990e-16  6.80011603e-16 ... -2.94902991e-16
    -3.20923843e-16  3.92914867e-16]
   [ 2.68882139e-16  6.83481050e-16  3.14418630e-16 ... -3.76434994e-16
    -2.38524478e-16 -4.22838847e-16]
   ...
   [ 4.83337328e-16 -2.94902991e-16 -3.78169718e-16 ...  2.90566182e-16
    -6.83481050e-16  6.23633090e-16]
   [ 4.78783679e-16 -3.20490162e-16 -2.42861287e-16 ... -6.80011603e-16
    -4.51461785e-16 -8.05345374e-16]
   [-1.30364469e-15  3.92914867e-16 -4.21971486e-16 ...  6.24500451e-16
    -8.00141203e-16 -7.25114413e-16]]

  [[ 1.11022302e-16  7.75421394e-16 -9.12464548e-16 ...  1.80411242e-16
     1.42821952e-15  5.68989300e-16]
   [ 7.63278329e-16 -1.11022302e-16 -2.98372438e-16 ... -2.81025203e-16
    -2.49800181e-16  7.28583860e-16]
   [-9.08995101e-16 -2.77555756e-16 -8.32667268e-16 ...  5.62050406e-16
    -1.07552856e-16  1.80411242e-16]
   ...
   [ 1.80411242e-16 -2.74086309e-16  5.60315683e-16 ... -4.44089210e-16
     8.27463098e-16 -1.12063137e-15]
   [ 1.43168897e-15 -2.63677968e-16 -1.00613962e-16 ...  8.34401992e-16
     1.11022302e-16  3.50414142e-16]
   [ 5.62050406e-16  7.28583860e-16  2.08166817e-16 ... -1.10328413e-15
     3.50414142e-16  8.88178420e-16]]

  [[ 1.87350135e-16  6.83481050e-16 -6.93889390e-17 ... -2.40259201e-16
    -2.46330734e-16  1.15532584e-15]
   [ 6.85215773e-16 -2.98372438e-16  3.33066907e-16 ...  3.13984949e-16
     3.76434994e-16  3.29597460e-16]
   [-6.93889390e-17  3.33066907e-16  2.08166817e-17 ...  3.64291930e-16
    -1.52655666e-16 -5.20417043e-17]
   ...
   [-2.38524478e-16  3.10515502e-16  3.64291930e-16 ...  1.04083409e-16
    -4.66640615e-16  6.52256027e-16]
   [-2.48065457e-16  3.85108612e-16 -1.52655666e-16 ... -4.70110062e-16
     2.67147415e-16 -3.67761377e-16]
   [ 1.15532584e-15  3.33066907e-16 -5.20417043e-17 ...  6.53990750e-16
    -3.67761377e-16  5.82867088e-16]]

  ...

  [[-1.45716772e-16 -2.89698820e-16  1.04083409e-16 ...  3.33066907e-16
    -3.13009167e-16  2.16840434e-18]
   [-2.87964097e-16 -2.67147415e-16  3.15719673e-16 ... -7.49400542e-16
    -1.10154941e-16 -1.04083409e-16]
   [ 1.03216047e-16  3.19189120e-16  8.39606162e-16 ...  2.46330734e-16
    -4.57966998e-16 -2.84494650e-16]
   ...
   [ 3.29597460e-16 -7.49400542e-16  2.39391840e-16 ... -3.67761377e-16
     3.12250226e-17 -2.36789754e-16]
   [-3.15611252e-16 -1.10154941e-16 -4.57966998e-16 ...  3.12250226e-17
    -2.84494650e-16 -4.63171168e-16]
   [-2.16840434e-18 -9.88792381e-17 -2.87964097e-16 ... -2.44596010e-16
    -4.63171168e-16 -3.05311332e-16]]

  [[ 5.55111512e-17 -3.54750951e-16  1.77809156e-16 ... -1.76508114e-16
     7.91033905e-16 -4.73579509e-16]
   [-3.56485674e-16 -2.35922393e-16  3.86843335e-16 ... -1.06685494e-16
     1.45716772e-16  4.34981912e-16]
   [ 1.77809156e-16  3.85975973e-16 -1.29757316e-15 ...  3.95516953e-16
    -2.74086309e-16 -3.53883589e-16]
   ...
   [-1.74773390e-16 -1.07552856e-16  3.88578059e-16 ... -3.88578059e-16
     7.20777604e-16  1.62630326e-16]
   [ 7.90166543e-16  1.52655666e-16 -2.75821033e-16 ...  7.21644966e-16
    -2.77555756e-17  9.02056208e-17]
   [-4.77048956e-16  4.38885039e-16 -3.46944695e-16 ...  1.69569220e-16
     9.19403442e-17  1.20042865e-15]]

  [[-5.55111512e-16  3.93782229e-16 -2.06432094e-16 ...  4.74880552e-16
    -8.45244014e-16 -1.00093545e-15]
   [ 3.91180144e-16  7.49400542e-16  3.12250226e-16 ... -9.71445147e-17
     4.32813507e-16 -2.01227923e-16]
   [-2.06432094e-16  3.12250226e-16 -2.04697370e-16 ... -1.22124533e-15
     4.82253126e-16 -1.27502175e-16]
   ...
   [ 4.71844785e-16 -9.71445147e-17 -1.22298005e-15 ... -9.71445147e-17
    -3.30464822e-16  4.51028104e-17]
   [-8.45677695e-16  4.35415592e-16  4.85722573e-16 ... -3.30464822e-16
     6.24500451e-17  3.38271078e-16]
   [-9.99200722e-16 -2.01227923e-16 -1.25767452e-16 ...  4.51028104e-17
     3.33066907e-16  1.49186219e-16]]]


 [[[ 1.93421668e-16  2.70616862e-16 -1.66273245e-15 ...  1.58293517e-16
    -8.03176969e-16  1.31578776e-15]
   [ 2.72351586e-16 -8.98586761e-16 -7.11236625e-17 ...  9.49761103e-17
     1.78676518e-16 -2.04697370e-16]
   [-1.66186509e-15 -7.11236625e-17  9.92261828e-16 ...  2.41126563e-16
     2.55438032e-16  3.43475248e-16]
   ...
   [ 1.55257751e-16  9.41087486e-17  2.43728648e-16 ...  1.56125113e-16
     4.75314232e-16 -1.00353753e-15]
   [-8.02309608e-16  1.78676518e-16  2.59774841e-16 ...  4.72712147e-16
    -6.48786580e-16 -1.55257751e-16]
   [ 1.31752248e-15 -1.99493200e-16  3.40873163e-16 ... -1.00527225e-15
    -1.58727198e-16 -5.58580959e-16]]

  [[ 1.94289029e-16  6.83481050e-16 -6.59194921e-17 ... -2.37657116e-16
    -2.41126563e-16  1.15532584e-15]
   [ 6.81746326e-16 -2.81025203e-16  3.33066907e-16 ...  3.13984949e-16
     3.81639165e-16  3.29597460e-16]
   [-6.59194921e-17  3.33066907e-16  6.93889390e-18 ...  3.60822483e-16
    -1.35308431e-16 -5.89805982e-17]
   ...
   [-2.32452946e-16  3.10515502e-16  3.67761377e-16 ...  8.32667268e-17
    -4.70110062e-16  6.48786580e-16]
   [-2.42861287e-16  3.81639165e-16 -1.38777878e-16 ... -4.75314232e-16
     2.91433544e-16 -3.60822483e-16]
   [ 1.15185639e-15  3.29597460e-16 -5.20417043e-17 ...  6.48786580e-16
    -3.53883589e-16  5.82867088e-16]]

  [[-6.66133815e-16  3.13984949e-16  9.71445147e-16 ...  4.30211422e-16
    -1.44036259e-15 -9.36750677e-16]
   [ 3.10515502e-16 -8.32667268e-16  0.00000000e+00 ...  8.04911693e-16
    -1.24900090e-15 -2.15105711e-16]
   [ 9.81853487e-16  6.93889390e-18  1.77635684e-15 ... -9.26342336e-16
    -4.16333634e-17  2.98372438e-16]
   ...
   [ 4.44089210e-16  8.25728375e-16 -9.40220124e-16 ... -6.10622664e-16
    -1.17267307e-15  1.14491749e-15]
   [-1.44036259e-15 -1.24206201e-15 -3.12250226e-17 ... -1.17093835e-15
     2.77555756e-16 -8.04911693e-16]
   [-9.36750677e-16 -2.04697370e-16  2.84494650e-16 ...  1.15879528e-15
    -7.97972799e-16 -1.94289029e-15]]

  ...

  [[-4.31946146e-16 -3.85108612e-16  2.46330734e-16 ... -3.62557206e-16
    -7.25981775e-16  1.23772520e-15]
   [-3.86843335e-16  5.81999726e-16  3.67761377e-16 ...  2.53269627e-16
     3.96384314e-16 -1.21777588e-15]
   [ 2.44596010e-16  3.67761377e-16 -9.43689571e-16 ... -9.88792381e-17
     5.49039980e-16  1.94289029e-16]
   ...
   [-3.63858249e-16  2.49800181e-16 -1.07552856e-16 ...  5.27355937e-16
    -3.18321758e-16  2.16840434e-16]
   [-7.26849136e-16  3.98986399e-16  5.41233725e-16 ... -3.20923843e-16
    -2.04697370e-16  2.53269627e-16]
   [ 1.24119465e-15 -1.21777588e-15  2.01227923e-16 ...  2.16840434e-16
     2.49800181e-16  8.63892291e-16]]

  [[-5.20417043e-17 -2.40692882e-16  2.62160085e-16 ...  5.02636127e-16
     7.22512328e-16 -8.07080097e-16]
   [-2.41126563e-16 -1.07552856e-16 -1.49186219e-16 ... -4.66206934e-16
    -2.74953671e-16  5.13478149e-16]
   [ 2.63894809e-16 -1.52655666e-16 -9.88792381e-17 ...  5.36896916e-16
    -8.74300632e-16 -9.54097912e-17]
   ...
   [ 5.01118244e-16 -4.62737487e-16  5.35162192e-16 ... -1.56558794e-16
     4.60569083e-16  3.48679419e-16]
   [ 7.28583860e-16 -2.72785267e-16 -8.60422844e-16 ...  4.67941658e-16
     7.28583860e-17 -9.02056208e-17]
   [-8.02743289e-16  5.23886490e-16 -1.00613962e-16 ...  3.47812057e-16
    -8.32667268e-17 -3.46944695e-18]]

  [[-5.82867088e-16 -4.08527379e-16  3.31982705e-16 ... -1.87783816e-16
     2.12069945e-16 -3.90312782e-17]
   [-4.05925293e-16  3.46944695e-16 -4.16333634e-17 ... -2.84494650e-16
    -1.59594560e-16 -1.18828558e-16]
   [ 3.34151110e-16 -3.81639165e-17  3.33066907e-16 ...  2.04697370e-16
    -8.50014503e-17 -2.35922393e-16]
   ...
   [-1.89952221e-16 -2.84494650e-16  1.90819582e-16 ...  3.74700271e-16
    -8.84708973e-17 -1.03649728e-16]
   [ 2.11202583e-16 -1.73472348e-16 -8.15320034e-17 ... -9.19403442e-17
     2.81025203e-16  2.42861287e-17]
   [-3.85975973e-17 -1.25767452e-16 -2.35922393e-16 ... -1.09287579e-16
     2.08166817e-17 -7.07767178e-16]]]


 ...


 [[[ 6.24500451e-17  4.84421531e-16  1.51137783e-16 ... -2.18575158e-16
     8.41340886e-17 -9.12030867e-16]
   [ 4.88758339e-16  1.87350135e-16 -2.37657116e-16 ...  3.36536354e-16
    -1.77809156e-16  4.78783679e-16]
   [ 1.47234655e-16 -2.34187669e-16  4.68375339e-16 ... -3.69062420e-16
     4.90059382e-16 -1.84531210e-16]
   ...
   [-2.16840434e-16  3.40005801e-16 -3.72098186e-16 ... -1.66533454e-16
    -1.17787724e-15 -9.54097912e-18]
   [ 7.63278329e-17 -1.80411242e-16  4.87457297e-16 ... -1.17787724e-15
    -1.15879528e-15 -2.84494650e-16]
   [-9.10296144e-16  4.78783679e-16 -1.86265933e-16 ... -1.30104261e-17
    -2.89698820e-16 -3.26128013e-16]]

  [[-1.66533454e-16 -2.96637714e-16  9.97465999e-17 ...  3.36536354e-16
    -3.19405960e-16 -2.60208521e-18]
   [-2.93168267e-16 -2.84494650e-16  3.19189120e-16 ... -7.49400542e-16
    -1.08420217e-16 -1.05818132e-16]
   [ 1.00613962e-16  3.17454396e-16  8.32667268e-16 ...  2.46330734e-16
    -4.61436445e-16 -2.93168267e-16]
   ...
   [ 3.33066907e-16 -7.63278329e-16  2.46330734e-16 ... -3.78169718e-16
     3.12250226e-17 -2.35922393e-16]
   [-3.16695455e-16 -1.11022302e-16 -4.56665955e-16 ...  3.12250226e-17
    -2.98372438e-16 -4.71844785e-16]
   [-5.20417043e-18 -9.88792381e-17 -2.93168267e-16 ... -2.37657116e-16
    -4.73579509e-16 -3.12250226e-16]]

  [[-4.63171168e-16 -3.92914867e-16  2.35055031e-16 ... -3.67761377e-16
    -7.32920669e-16  1.23425575e-15]
   [-3.86843335e-16  5.66387215e-16  3.67761377e-16 ...  2.42861287e-16
     4.01588485e-16 -1.22124533e-15]
   [ 2.39391840e-16  3.57353036e-16 -9.36750677e-16 ... -1.02348685e-16
     5.35162192e-16  1.97758476e-16]
   ...
   [-3.63858249e-16  2.42861287e-16 -1.07552856e-16 ...  5.27355937e-16
    -3.29597460e-16  2.18575158e-16]
   [-7.32053307e-16  4.03323208e-16  5.35162192e-16 ... -3.32199546e-16
    -1.99493200e-16  2.53269627e-16]
   [ 1.23945992e-15 -1.21777588e-15  2.15105711e-16 ...  2.20309881e-16
     2.53269627e-16  8.63892291e-16]]

  ...

  [[-8.88178420e-16  3.16587034e-16  1.31838984e-16 ... -1.66533454e-16
     6.82613688e-16 -2.63677968e-16]
   [ 3.20056481e-16 -1.66533454e-16  8.32667268e-17 ... -3.59087760e-16
    -1.38777878e-16 -1.07552856e-16]
   [ 1.52655666e-16  9.71445147e-17 -7.21644966e-16 ...  5.10008702e-16
    -1.72171305e-16  3.19189120e-16]
   ...
   [-1.94289029e-16 -3.50414142e-16  5.16947596e-16 ...  8.32667268e-16
     2.50667542e-16 -5.48172618e-16]
   [ 6.72205347e-16 -1.52655666e-16 -1.74773390e-16 ...  2.23779328e-16
    -1.16573418e-15  8.10115863e-16]
   [-2.60208521e-16 -1.07552856e-16  3.19189120e-16 ... -5.55111512e-16
     8.10983225e-16  1.66533454e-16]]

  [[-2.25514052e-16 -6.95190433e-16  4.75314232e-16 ... -1.17440779e-15
     1.04083409e-16  3.60822483e-16]
   [-6.89118901e-16  8.18355800e-16 -4.70110062e-16 ...  0.00000000e+00
     7.25114413e-16 -3.34801631e-16]
   [ 4.77916318e-16 -4.75314232e-16 -1.17267307e-15 ... -3.24393290e-16
     4.62303806e-16 -9.71445147e-17]
   ...
   [-1.17093835e-15  0.00000000e+00 -3.21791205e-16 ...  2.08166817e-16
    -2.08166817e-17  7.71951947e-17]
   [ 1.01481323e-16  7.19042881e-16  4.57966998e-16 ... -2.42861287e-17
     1.73472348e-17  6.11490025e-16]
   [ 3.62557206e-16 -3.37403716e-16 -9.02056208e-17 ...  8.50014503e-17
     6.03683770e-16  3.85108612e-16]]

  [[-7.63278329e-17  6.22332047e-16 -9.93996552e-16 ... -1.21430643e-17
    -6.41197165e-16  3.26561694e-16]
   [ 6.22332047e-16 -1.10675358e-15  6.48786580e-16 ... -2.33320308e-16
     1.67400815e-16  4.68375339e-17]
   [-9.93129190e-16  6.45317133e-16  1.14144805e-15 ...  2.15105711e-16
     3.45209972e-16 -9.80118764e-17]
   ...
   [-1.30104261e-17 -2.33320308e-16  2.13370988e-16 ... -5.62050406e-16
     6.93889390e-17 -2.27248775e-16]
   [-6.41197165e-16  1.68268177e-16  3.44342610e-16 ...  7.11236625e-17
    -3.13984949e-16 -5.75928194e-16]
   [ 3.29597460e-16  4.51028104e-17 -1.04517089e-16 ... -2.25514052e-16
    -5.74193471e-16 -7.97972799e-16]]]


 [[[ 2.91433544e-16  4.64905892e-16 -8.01442246e-16 ...  7.58941521e-17
     1.90819582e-16  2.32452946e-16]
   [ 4.64905892e-16  1.44328993e-15 -2.42861287e-16 ... -3.20490162e-16
     8.08381140e-16 -8.44810333e-16]
   [-8.01875927e-16 -2.39391840e-16 -1.43765208e-15 ... -7.26849136e-16
     7.16440796e-16  2.11636264e-16]
   ...
   [ 7.89299182e-17 -3.20490162e-16 -7.28583860e-16 ...  6.03683770e-16
     1.01481323e-16 -6.42281367e-16]
   [ 1.92554306e-16  8.10115863e-16  7.18175519e-16 ...  1.00613962e-16
     3.61689845e-16  4.49293380e-16]
   [ 2.32019265e-16 -8.42208248e-16  2.16840434e-16 ... -6.42281367e-16
     4.47558657e-16 -7.71951947e-17]]

  [[ 5.55111512e-17 -3.53016227e-16  1.74339709e-16 ... -1.82579646e-16
     7.94503352e-16 -4.80518403e-16]
   [-3.54750951e-16 -2.63677968e-16  3.90312782e-16 ... -1.04083409e-16
     1.38777878e-16  4.34114550e-16]
   [ 1.74339709e-16  3.89445420e-16 -1.29757316e-15 ...  3.95516953e-16
    -2.63677968e-16 -3.46944695e-16]
   ...
   [-1.77375475e-16 -1.05818132e-16  3.88578059e-16 ... -4.16333634e-16
     7.28583860e-16  1.66099773e-16]
   [ 7.90166543e-16  1.52655666e-16 -2.77122075e-16 ...  7.25114413e-16
    -2.77555756e-17  9.02056208e-17]
   [-4.77048956e-16  4.38885039e-16 -3.46944695e-16 ...  1.71303943e-16
     9.36750677e-17  1.19348975e-15]]

  [[-3.12250226e-17 -2.41560244e-16  2.58256957e-16 ...  5.04370851e-16
     7.24247051e-16 -8.04478012e-16]
   [-2.35055031e-16 -1.00613962e-16 -1.42247325e-16 ... -4.69676381e-16
    -2.69315820e-16  5.20417043e-16]
   [ 2.57389596e-16 -1.45716772e-16 -4.51028104e-17 ...  5.42101086e-16
    -8.74300632e-16 -9.54097912e-17]
   ...
   [ 4.99817202e-16 -4.69676381e-16  5.38631639e-16 ... -1.80844922e-16
     4.60135402e-16  3.41740525e-16]
   [ 7.27716498e-16 -2.70616862e-16 -8.60422844e-16 ...  4.62303806e-16
     8.84708973e-17 -9.71445147e-17]
   [-8.01008565e-16  5.16947596e-16 -1.14491749e-16 ...  3.38271078e-16
    -8.32667268e-17  0.00000000e+00]]

  ...

  [[-2.25514052e-16 -6.83914730e-16  4.80518403e-16 ... -1.18047933e-15
     1.00613962e-16  3.64291930e-16]
   [-6.91287305e-16  8.31799907e-16 -4.56232274e-16 ...  0.00000000e+00
     7.21644966e-16 -3.30464822e-16]
   [ 4.79651041e-16 -4.63171168e-16 -1.17614252e-15 ... -3.20056481e-16
     4.60569083e-16 -8.15320034e-17]
   ...
   [-1.17007098e-15  0.00000000e+00 -3.20056481e-16 ...  2.21936185e-16
    -2.08166817e-17  7.02563008e-17]
   [ 1.01481323e-16  7.22512328e-16  4.57099636e-16 ... -2.77555756e-17
     4.16333634e-17  6.06285855e-16]
   [ 3.67761377e-16 -3.26995375e-16 -7.80625564e-17 ...  7.28583860e-17
     6.00214323e-16  3.90312782e-16]]

  [[-1.11022302e-15 -4.87457297e-16 -6.52256027e-16 ... -1.17267307e-15
     3.13117587e-16  5.20417043e-16]
   [-4.83987850e-16  2.77555756e-16  2.46330734e-16 ... -2.91433544e-16
    -2.08166817e-17  4.51028104e-17]
   [-6.59194921e-16  2.53269627e-16  2.22044605e-16 ... -2.22044605e-16
     6.59194921e-17  1.17961196e-16]
   ...
   [-1.17267307e-15 -3.05311332e-16 -2.18575158e-16 ... -1.72084569e-15
     2.08166817e-17 -3.12250226e-16]
   [ 3.13117587e-16 -1.38777878e-17  6.93889390e-17 ...  2.77555756e-17
    -3.88578059e-16 -4.89192020e-16]
   [ 5.13478149e-16  4.85722573e-17  1.24900090e-16 ... -2.98372438e-16
    -4.96130914e-16 -1.55431223e-15]]

  [[ 9.36750677e-17 -8.05453794e-16 -1.64798730e-16 ... -2.84494650e-16
     4.57966998e-16 -5.95010152e-16]
   [-8.07405358e-16  3.59087760e-16 -3.53883589e-16 ... -4.68375339e-16
     1.00613962e-16  2.85362012e-16]
   [-1.68268177e-16 -3.53883589e-16 -8.06646416e-16 ...  2.53269627e-16
    -8.32667268e-17  2.08166817e-17]
   ...
   [-2.87964097e-16 -4.61436445e-16  2.49800181e-16 ...  7.97647538e-16
     6.04551131e-16 -5.63785130e-16]
   [ 4.59701721e-16  9.71445147e-17 -9.02056208e-17 ...  6.08887940e-16
    -5.03069808e-16  4.16333634e-16]
   [-5.91540705e-16  2.87096735e-16  2.08166817e-17 ... -5.62050406e-16
     4.23272528e-16  2.53269627e-16]]]


 [[[-1.04083409e-16 -1.30321101e-15  1.32099193e-15 ... -9.19837123e-16
     2.38958159e-16  1.40339129e-15]
   [-1.30451205e-15  5.68989300e-16  1.16573418e-15 ... -2.60208521e-18
    -4.76181594e-16 -9.95731275e-16]
   [ 1.32446137e-15  1.15532584e-15 -9.40220124e-16 ...  1.24206201e-15
    -7.98406480e-16 -3.72965547e-17]
   ...
   [-9.22005527e-16  1.30104261e-18  1.24032729e-15 ... -2.67147415e-16
     3.57353036e-16  3.29163780e-16]
   [ 2.37223435e-16 -4.75314232e-16 -8.00141203e-16 ...  3.57353036e-16
     5.16947596e-16 -5.96744876e-16]
   [ 1.41206491e-15 -9.99200722e-16 -4.07660017e-17 ...  3.22224886e-16
    -5.96744876e-16  1.64104841e-15]]

  [[-5.68989300e-16  3.93782229e-16 -2.06432094e-16 ...  4.79217360e-16
    -8.42641928e-16 -1.00267017e-15]
   [ 3.90312782e-16  7.35522754e-16  3.12250226e-16 ... -9.54097912e-17
     4.41487125e-16 -2.08166817e-16]
   [-2.06432094e-16  3.08780779e-16 -2.04697370e-16 ... -1.21951060e-15
     4.82253126e-16 -1.18828558e-16]
   ...
   [ 4.79651041e-16 -1.04083409e-16 -1.21777588e-15 ... -9.02056208e-17
    -3.33066907e-16  4.68375339e-17]
   [-8.43942971e-16  4.43221848e-16  4.92661467e-16 ... -3.32199546e-16
     5.55111512e-17  3.36536354e-16]
   [-9.99200722e-16 -2.01227923e-16 -1.18828558e-16 ...  4.33680869e-17
     3.34801631e-16  1.56125113e-16]]

  [[-5.82867088e-16 -4.01588485e-16  3.23309088e-16 ... -1.92987987e-16
     2.09467860e-16 -5.07406617e-17]
   [-4.00721123e-16  3.33066907e-16 -4.85722573e-17 ... -2.91433544e-16
    -1.59594560e-16 -1.26634814e-16]
   [ 3.24393290e-16 -4.16333634e-17  3.60822483e-16 ...  2.15105711e-16
    -9.19403442e-17 -2.08166817e-16]
   ...
   [-1.92554306e-16 -2.91433544e-16  2.08166817e-16 ...  3.74700271e-16
    -8.50014503e-17 -9.75781955e-17]
   [ 2.11202583e-16 -1.73472348e-16 -8.50014503e-17 ... -7.97972799e-17
     2.67147415e-16  2.42861287e-17]
   [-4.68375339e-17 -1.24900090e-16 -2.08166817e-16 ... -9.97465999e-17
     2.77555756e-17 -7.07767178e-16]]

  ...

  [[-5.55111512e-17  6.16694196e-16 -9.98333360e-16 ... -1.21430643e-17
    -6.35342473e-16  3.29163780e-16]
   [ 6.19296281e-16 -1.11022302e-15  6.47051857e-16 ... -2.37657116e-16
     1.68268177e-16  4.51028104e-17]
   [-9.96598637e-16  6.48786580e-16  1.13103971e-15 ...  2.13370988e-16
     3.57353036e-16 -1.09721260e-16]
   ...
   [-1.21430643e-17 -2.36789754e-16  2.13370988e-16 ... -5.82867088e-16
     7.28583860e-17 -2.27248775e-16]
   [-6.35776154e-16  1.68268177e-16  3.50414142e-16 ...  6.67868538e-17
    -3.13984949e-16 -5.68989300e-16]
   [ 3.28730099e-16  4.51028104e-17 -1.08853898e-16 ... -2.23779328e-16
    -5.65519853e-16 -7.97972799e-16]]

  [[ 9.71445147e-17 -8.10766385e-16 -1.64798730e-16 ... -2.75821033e-16
     4.54497551e-16 -5.91540705e-16]
   [-8.10549544e-16  3.74700271e-16 -3.53883589e-16 ... -4.63171168e-16
     9.88792381e-17  2.90566182e-16]
   [-1.71737624e-16 -3.53883589e-16 -8.13585310e-16 ...  2.49800181e-16
    -8.32667268e-17  1.73472348e-17]
   ...
   [-2.77555756e-16 -4.59701721e-16  2.46330734e-16 ...  7.98840161e-16
     6.04551131e-16 -5.65519853e-16]
   [ 4.52762827e-16  9.88792381e-17 -8.32667268e-17 ...  6.01949046e-16
    -5.13478149e-16  4.44089210e-16]
   [-5.84601811e-16  2.90566182e-16  2.08166817e-17 ... -5.63785130e-16
     4.37150316e-16  2.56739074e-16]]

  [[-1.05471187e-15 -7.23379689e-16 -5.65519853e-16 ... -3.19189120e-16
    -8.76035355e-17  1.65492620e-15]
   [-7.30318583e-16  1.22124533e-15  6.03683770e-16 ... -3.19189120e-16
     1.45022883e-15  1.80411242e-16]
   [-5.65519853e-16  6.10622664e-16 -1.60982339e-15 ...  8.53483950e-16
     6.93889390e-18 -5.96744876e-16]
   ...
   [-3.19189120e-16 -3.26128013e-16  8.56953397e-16 ... -1.11022302e-16
     3.71230824e-16 -8.04911693e-16]
   [-8.76035355e-17  1.45022883e-15  1.73472348e-17 ...  3.79904441e-16
    -1.11022302e-15  2.74086309e-16]
   [ 1.65839564e-15  1.76941795e-16 -6.03683770e-16 ... -7.97972799e-16
     2.87964097e-16  1.49880108e-15]]]]
The sum of difference: 9.639945092176916e-13
Time taken: 193.57 mins
