The number of orbitals is 7
Google yields: 26
Using gradient: True
Using alpha = 12
Sum of square is 9.786799286684645e-28
The solution is
[ 2.14507001e-01 -3.04683666e-02 -8.90074028e-02  7.82751117e-02
  1.95993629e-02  4.18183616e-02  7.72806144e-02  9.83979210e-02
 -1.74662521e-01  6.34107835e-02  5.65253249e-03  2.53227989e-02
 -4.98490150e-02  8.21558454e-01 -1.72311159e-01 -7.81604627e-02
 -1.00162847e-01 -6.76068877e-02  7.69883992e-02 -2.00285259e-02
  4.21374659e-02  2.42414041e-02  1.28626964e-01 -4.90421108e-02
 -1.92006438e-02  6.79566709e-02  1.64692095e-02  9.86127108e-02
  1.26145142e+00  5.61132013e+00  1.32562454e+00  5.89635527e+00
  3.30764891e+00  3.98983421e-01  4.61447215e+00  2.31367603e+00
  2.44231572e+00  3.73119931e+00  3.59071002e+00  7.86286818e-01
  1.47256699e+00  1.88708707e+00  4.31662327e+00  4.57686261e+00
  1.56980983e+00  3.45809807e-04  1.12064277e+00  3.30200961e+00
  5.78019901e+00  1.28652078e-02  6.39409661e-02 -1.59390409e-02
 -4.17173052e-02  6.73257892e-02 -8.39933451e-02  9.02841667e-02
  4.60944772e-02  4.41420517e-02  8.37817631e-03  5.01739843e-02
  7.02997278e-02  1.35017262e-01  4.15197113e-02  2.15563963e-02
  9.72748455e-02  1.12836760e-02  5.71096424e-02 -4.42991079e-03
 -1.60837787e-02 -4.76793415e-02  7.01021737e-02  1.73259972e-02
  7.88468166e-02  1.53057485e-01 -3.43727423e-02  2.42956289e-02
  1.33677106e-01  3.30758014e+00  3.87413665e+00  5.12424202e+00
  5.76250840e-01  4.09183134e+00  7.40924983e-01  2.48394623e+00
  4.38184072e+00  3.28978961e+00  2.68852766e+00  3.78734361e+00
  2.57735168e+00  4.02493118e+00  5.42638723e+00  2.67314916e+00
  6.50140749e-01  5.15051207e+00  2.36905590e+00  1.45970945e+00
  3.56407149e+00  4.73267443e-01  1.02149945e-01 -9.42370713e-03
  2.35833549e-02 -4.12470319e-02  2.23692681e-02 -6.23265834e-02
  5.58842833e-02 -7.41477466e-03  4.12258190e-02  5.70117213e-02
  1.92578571e-02 -4.87055972e-02  6.99334356e-02  3.88928097e-02
  2.97942133e-02  6.56211353e-02  7.25780714e-03  1.03439235e-01
  3.22440768e-01  8.57727014e-02 -8.25300577e-02  1.54007499e-01
  1.45912770e-01 -3.21179960e-02  1.52192641e-01  1.97841520e-02
 -7.73834342e-03 -1.74671502e-01  5.13667683e+00  2.14193058e+00
  4.42721484e+00  3.96768264e+00  1.14824492e+00  4.00579337e+00
  5.72159623e+00  5.57584854e+00  5.99054426e+00  6.03606187e+00
  6.54658475e+00  4.16654018e+00  3.19999622e+00  2.99652562e+00
  2.90783943e-02  4.34251322e-01  5.78078448e-01  1.85868225e+00
  4.13051902e+00  1.28838045e+00  6.42585395e+00  7.29564660e-02
  2.77550873e-02  2.03082122e-01 -1.90831265e-02  7.89876016e-02
  4.03733319e-02  1.01942684e-01 -9.97347356e-02 -2.82587615e-03
  7.15701694e-03  4.41285765e-02  2.52707290e-02  4.47018845e-02
  3.80888395e-02  1.03029791e-01  4.61333290e-02  5.84666875e-02
  2.92816666e-02  1.35967300e-01  8.27416605e-02 -8.81306055e-03
  1.31140810e-01 -1.41136652e-02  2.34462313e-02  3.26119587e-02
 -1.28704844e-01  2.85105851e-04 -3.91775027e-03  8.41087849e-01
  2.23790554e+00  2.43036426e+00  2.73057598e+00  1.20483224e+00
  3.51625193e+00  3.38088493e+00  5.35598911e+00  2.05318777e+00
  3.97174474e+00  1.53561051e+00  6.53153300e-01  1.63923534e+00
  6.15636315e+00  5.71052078e+00  4.14524458e-01  5.92516777e+00
  6.11553066e+00  5.08925996e+00  4.43391073e+00  3.36431590e+00
  5.78418451e-02 -6.70508119e-03  1.23633551e-01  3.27408320e-02
  2.13152367e-02  4.06961135e-02  8.09145290e-02 -4.18583684e-02
  1.01457481e-02 -3.70993884e-02  4.02578449e-03  1.14933717e-02
 -4.41729101e-02  1.16996826e-01  1.02802165e-01  2.09029529e-02
  5.19082744e-02  1.29066599e-01  6.83332342e-02 -3.50144579e-02
 -2.69520092e-02  6.42780807e-02 -1.11232782e-01  1.15270305e-01
  1.25649241e-03  9.31958390e-02  1.63874899e-01  4.26981415e-02
  5.38891819e+00  1.36654670e+00  3.12446790e-01  5.46496983e+00
  4.34629566e+00  1.50499344e+00  2.06142510e+00  2.31974458e+00
  7.57266297e-01  3.23036893e+00  8.89284294e-01  3.40515492e+00
  1.96579388e+00  4.13860064e+00  4.61712986e+00  4.08509955e+00
  4.50463008e-01  5.47271653e-01  1.09025457e+00  5.97348066e-01
  2.49109555e+00  5.41766393e-02 -1.48388083e-01  7.79449920e-02
 -2.11304065e-02 -3.36562545e-02 -1.84573306e-03  1.32851650e-01
  1.81429624e-01 -1.26263370e-01 -1.48476350e-01 -1.12392384e-01
 -1.43466428e-01 -1.13421566e-01  1.77536730e-01  8.76055387e-02
  4.21436649e-02  1.88034732e-01  1.61119661e-01  7.08072054e-02
  3.89080961e-02  2.67436392e-02  1.04606649e-01 -2.49849200e-02
 -7.69856598e-03  7.05161508e-02  1.91479455e-02  2.43755839e-01
  2.54751127e-01  6.05525210e+00  3.24497731e+00  2.85182915e+00
  4.50514688e+00  2.94310660e+00  4.80493510e+00  5.39397402e+00
  3.64942983e+00  5.38423776e+00  2.02706564e+00  2.23007994e+00
  6.00116624e+00  5.94741703e-01  3.09341737e+00  4.23160427e+00
  1.66681769e+00  3.63859820e+00  4.45893280e+00  8.86906553e-01
  2.68525874e+00  2.85060337e+00  1.02315834e-01 -1.59776001e-02
  4.06522745e-02  5.67008959e-02  1.59153571e-01  3.88183414e-02
 -3.49081483e-02  1.23630669e-01  8.94136847e-02  3.68708564e-02
  8.35856739e-02  2.18465457e-02 -2.03297647e-02  7.75070792e-02
  2.68644837e-02  6.72339508e-02  1.58855786e-02 -4.51515390e-02
  8.63283144e-02  3.43588485e-02 -1.11381934e-02 -2.08304053e-02
  1.29751199e-01  5.73007993e-02 -4.78242931e-02 -5.11948361e-02
 -1.21427522e-02  6.16347544e-02  3.09174727e+00  4.69019749e+00
  6.78734230e+00  1.79432222e-02  1.49971710e+00  6.21428850e-01
  1.49116966e+00  1.91059960e+00  1.76570802e+00  1.29573333e+00
  1.47530051e+00  2.95529077e+00  2.54548864e+00  4.10005162e+00
  3.73404270e-02  1.18423796e+00  8.15002098e-01  4.34047627e+00
  3.74827390e+00  1.55443127e+00  4.87514464e+00 -9.50158295e-02
 -3.92616314e-02  1.90408769e-02 -7.03378762e-02  9.18663000e-04
 -8.69725205e-02 -2.40958907e-02  5.77392054e-02  7.42606507e-02
  4.43156229e-02  2.33243526e-02  3.95289080e-02  5.47467288e-02
  1.58354238e-01  1.20044359e-01  1.55221251e-01  2.45523397e-02
  1.23854299e-01  6.66923227e-03  9.89766823e-02  6.32585460e-02
  3.71342102e-02  6.21895517e-02 -4.44526131e-02  6.58931501e-02
  2.03563472e-01 -3.18265501e-02  8.73239491e-03  3.51857528e+00
  5.00963258e-01  5.69250608e+00  1.09601153e+00  9.42782233e-01
  5.12808948e+00  6.30819310e+00  6.10470730e+00  3.76496648e+00
  1.61720593e+00  3.62012128e+00  3.07825417e+00  4.43666806e+00
  8.68849876e-01  1.73567020e+00  6.99475745e-01  2.45902808e+00
  3.20686473e+00  4.91653093e+00  2.08924207e+00 -2.06423784e-01
  3.25900169e-02  3.28064868e-05 -2.30502518e-03 -9.09291842e-03
  8.49444819e-02  4.21523127e-02  5.50461828e-02  7.64282663e-02
 -3.87385430e-02  8.56523126e-02  7.01240753e-02  5.59366933e-02
 -8.89454203e-04  1.39734848e-01 -7.63278196e-02 -2.21890893e-02
 -2.90766847e-02  1.17318504e-03  5.26287659e-02  1.22663964e-01
  2.20397499e-02 -2.47718452e-02 -1.95239198e-02  1.12733074e-01
  6.71099869e-02  1.36134152e-01  5.04819078e-02  6.56643392e-02
  4.80551350e+00 -3.77152500e-01  5.69061048e+00  1.50451138e+00
  5.99577100e+00  1.28732235e+00  2.60863723e+00  5.67767142e+00
  4.77364030e+00  5.03085751e+00  3.14193602e+00  3.65325441e+00
  5.58503571e+00  4.80592124e+00  3.05854166e+00  5.21003313e-02
  4.62111808e+00  5.05237251e+00  2.22924917e-01  2.90668451e+00
  1.88074364e+00  2.73944257e-01  1.42055744e-01  3.01303930e-02
  1.01244476e-01  8.44120806e-02  8.21968077e-02  1.63438664e-01
  4.39397312e-02  2.29724317e-02  1.74041093e-02 -1.14955597e-02
  2.66258904e-02  5.19123637e-03 -1.13323991e-01 -1.84133517e-02
 -1.85906114e-02 -8.54360199e-02  7.83362524e-02  5.51628365e-02
  9.60874743e-03 -5.67915196e-03  1.38850246e-01 -1.20267166e-02
 -2.80999359e-02  3.17267116e-02  8.55587247e-02 -1.83288189e-02
 -3.10493601e-02  2.03856873e+00  1.83863136e+00  7.43504476e-01
  9.05044695e-01  3.14826445e+00  2.25279541e+00  4.20381772e+00
  5.46337064e+00  7.35855363e-01  5.12087614e-01  1.80675033e+00
  4.27301460e+00  4.25422557e+00  2.48188367e+00  4.28852281e+00
  5.00147817e+00  5.96100030e+00  4.92542925e+00  5.29912300e+00
  4.60477758e+00  1.43861708e+00 -2.99979757e-02  2.44430148e-02
  4.36836923e-03  6.23343746e-02  2.21405947e-01 -7.02183769e-02
  7.14041322e-02  1.44159116e-01 -2.70624686e-02 -2.45339954e-02
  1.59754639e-01  1.24201510e-02  5.39675717e-03 -5.56674344e-03
 -2.93739374e-02  8.11486805e-02  1.76765109e-03 -2.40507882e-02
  3.58689937e-02  1.36204043e-01 -2.60465712e-02  1.54577706e-02
  2.08976075e-01  6.91188956e-02  3.30811957e-02  1.99261000e-02
  3.68942870e-04 -2.03981702e-02  2.80521074e-01  1.00602195e-01
  4.29234792e+00  4.66394492e-01  4.19252944e+00  2.95196492e+00
  3.09254209e+00  3.29556411e+00  6.09027869e+00  3.78120687e+00
  3.04955181e+00  1.72422095e+00  1.85200796e+00  1.33979640e+00
  6.63297308e-01  2.33758270e+00  5.59224979e+00  3.43111462e+00
  4.11911685e+00  4.81247052e+00  3.90623465e+00  1.33938063e-02
 -1.17566384e-02  2.84768196e-02  1.03571066e-01  8.56137219e-02
 -6.73378178e-04  7.50154145e-02  3.31995853e-02 -6.61740003e-02
 -2.53231900e-02  6.35415991e-02 -7.03718204e-02 -4.81078693e-02
  5.19547838e-01 -7.34714766e-02 -4.77711127e-03 -2.13558372e-02
  4.68347498e-02  1.02467457e-02  7.02396328e-02 -1.61579874e-02
  3.06928281e-02  1.43477769e-01  3.55566052e-02  1.11111153e-01
 -4.84633480e-02  3.56136725e-02  3.08554729e-02  4.29216967e+00
  3.08419347e+00  5.89355261e+00  2.71561667e+00  2.08801052e+00
  5.91754964e-01  1.03085496e+00  6.32737692e-01  3.93328829e+00
  2.45744218e+00  4.19119146e+00  2.86168644e+00  5.91254753e+00
  2.99188059e+00  4.56047418e-01  1.24267541e+00  5.25683325e+00
 -3.30269360e-01  3.68816071e+00  2.29881102e+00  9.63551110e-01]
The difference is
[[[[-1.33226763e-15 -4.44089210e-16  9.36750677e-17 ...  8.98586761e-16
     1.11022302e-16 -3.95516953e-16]
   [-4.44089210e-16 -1.11022302e-16 -1.45716772e-16 ...  3.46944695e-18
     3.60822483e-16 -1.11022302e-16]
   [ 1.14491749e-16 -1.45716772e-16  6.66133815e-16 ...  6.04551131e-16
     1.05818132e-16 -1.66533454e-16]
   ...
   [ 9.02056208e-16 -1.38777878e-17  5.77662918e-16 ... -5.55111512e-16
    -1.83880688e-16 -2.60208521e-18]
   [ 8.32667268e-17  3.60822483e-16  1.12757026e-16 ... -1.71737624e-16
     7.77156117e-16 -6.93889390e-17]
   [-3.88578059e-16 -1.17961196e-16 -1.66533454e-16 ... -1.82145965e-17
    -7.80625564e-17 -4.44089210e-16]]

  [[-5.82867088e-16 -9.05525654e-16  5.46437895e-17 ... -3.90312782e-17
    -3.81639165e-17 -8.86443696e-16]
   [-9.08995101e-16 -2.39391840e-16 -1.06338549e-15 ... -1.43982049e-16
     5.37764278e-16 -7.51135265e-16]
   [ 5.81132364e-17 -1.06338549e-15  1.87610344e-15 ...  1.01915004e-15
    -6.95840954e-16  5.35162192e-16]
   ...
   [-3.46944695e-17 -1.45716772e-16  1.01568060e-15 ... -8.03176969e-16
     1.26637524e-15 -8.19656842e-17]
   [-3.46944695e-17  5.41233725e-16 -6.92805188e-16 ...  1.26832681e-15
    -3.59955121e-17  2.39825521e-16]
   [-8.84708973e-16 -7.47665818e-16  5.37764278e-16 ... -8.28330460e-17
     2.44162329e-16 -6.84348411e-16]]

  [[ 6.93889390e-17  5.03069808e-17 -8.34401992e-16 ...  2.29634020e-16
    -6.39245601e-16  1.05818132e-15]
   [ 5.46437895e-17  7.84962373e-17  2.81025203e-16 ... -1.49056115e-15
     1.83663848e-16 -8.10983225e-16]
   [-8.34401992e-16  2.72351586e-16  2.07527138e-15 ... -5.87854418e-16
     5.01768765e-16  3.68628739e-16]
   ...
   [ 2.29634020e-16 -1.48969378e-15 -5.91323865e-16 ... -1.07205911e-15
     3.19297540e-16  1.10566938e-15]
   [-6.39245601e-16  1.82145965e-16  5.06972936e-16 ...  3.20273322e-16
     5.46031319e-17  7.38992201e-16]
   [ 1.05818132e-15 -8.11850587e-16  3.66026653e-16 ...  1.10566938e-15
     7.38992201e-16 -1.22796738e-15]]

  ...

  [[ 8.29197822e-16 -3.98986399e-17  2.23128807e-16 ...  2.34187669e-16
     3.29597460e-17  4.52762827e-16]
   [-4.25007252e-17  1.73472348e-18 -3.91396984e-16 ...  4.40619763e-16
    -3.87060176e-17 -2.10335221e-17]
   [ 2.23128807e-16 -3.93131708e-16 -7.59808882e-16 ...  1.70328161e-16
    -7.22078647e-17 -1.86482774e-16]
   ...
   [ 2.34187669e-16  4.40619763e-16  1.67183975e-16 ...  2.97938757e-16
     9.62771529e-17 -3.09214460e-16]
   [ 2.58040117e-17 -4.04407410e-17 -7.39425882e-17 ...  9.62771529e-17
     3.48679419e-16 -4.10099472e-16]
   [ 4.51028104e-16 -2.23345648e-17 -1.86374353e-16 ... -3.09106039e-16
    -4.11129464e-16  6.43148729e-16]]

  [[-1.38777878e-17 -2.77555756e-17 -6.41197165e-16 ...  3.61039323e-17
     2.34187669e-16  5.53593629e-16]
   [-2.77555756e-17 -7.01370385e-16  1.05514555e-15 ... -5.94576471e-16
     4.34981912e-16  3.73832909e-16]
   [-6.41414005e-16  1.05557924e-15  2.80306919e-16 ... -2.16732014e-16
     5.19983362e-16  3.17020715e-16]
   ...
   [ 2.92734587e-17 -5.92841748e-16 -2.11527844e-16 ... -7.52869989e-16
    -1.15033851e-15 -1.14773642e-15]
   [ 2.34187669e-16  4.41920806e-16  5.21718085e-16 ... -1.14795326e-15
    -3.26995375e-16 -7.28583860e-16]
   [ 5.56195714e-16  3.75133952e-16  3.19622800e-16 ... -1.14968798e-15
    -7.25764934e-16 -8.23993651e-18]]

  [[-3.88578059e-16 -8.91647867e-16  1.06251813e-15 ...  4.53847029e-16
     5.64869332e-16 -6.24500451e-17]
   [-8.88178420e-16 -8.00574884e-16  7.11236625e-17 ...  1.39818712e-15
     1.64668626e-15 -2.53269627e-16]
   [ 1.06251813e-15  7.11236625e-17 -2.49258079e-15 ...  5.42534767e-16
    -5.91974386e-17 -9.44556933e-16]
   ...
   [ 4.52545987e-16  1.39688608e-15  5.42534767e-16 ... -7.17091317e-16
    -9.57133678e-16 -1.68181441e-15]
   [ 5.64435651e-16  1.64668626e-15 -5.87637577e-17 ... -9.53881071e-16
     4.94992502e-16 -1.31578776e-15]
   [-6.24500451e-17 -2.53269627e-16 -9.44556933e-16 ... -1.68354913e-15
    -1.31752248e-15  3.93305180e-15]]]


 [[[-5.55111512e-16 -9.08995101e-16  5.11743425e-17 ... -3.90312782e-17
    -3.81639165e-17 -8.88178420e-16]
   [-9.08995101e-16 -2.46330734e-16 -1.05991604e-15 ... -1.43982049e-16
     5.39499001e-16 -7.51135265e-16]
   [ 5.46437895e-17 -1.05991604e-15  1.87957289e-15 ...  1.01654796e-15
    -7.00177763e-16  5.33427469e-16]
   ...
   [-3.72965547e-17 -1.45716772e-16  1.01307851e-15 ... -8.10115863e-16
     1.26572472e-15 -8.32667268e-17]
   [-4.16333634e-17  5.37764278e-16 -6.95407273e-16 ...  1.26832681e-15
    -3.59955121e-17  2.41993925e-16]
   [-8.88178420e-16 -7.44196371e-16  5.34294831e-16 ... -8.41340886e-17
     2.44162329e-16 -6.84348411e-16]]

  [[ 0.00000000e+00 -2.50667542e-16  8.76035355e-17 ... -8.67361738e-18
    -6.96057795e-16 -7.96238075e-16]
   [-2.40259201e-16  1.83186799e-15 -7.04297731e-16 ... -4.59701721e-16
    -2.22044605e-16  3.29597460e-17]
   [ 9.80118764e-17 -7.04297731e-16 -2.22044605e-16 ... -7.49400542e-16
    -5.84601811e-16 -3.05311332e-16]
   ...
   [ 8.67361738e-18 -4.68375339e-16 -7.52869989e-16 ... -4.99600361e-16
    -3.45209972e-16  1.07379383e-15]
   [-6.89118901e-16 -2.22044605e-16 -5.68989300e-16 ... -3.52148866e-16
     3.88578059e-16 -4.21537805e-16]
   [-7.99707522e-16  4.16333634e-17 -3.05311332e-16 ...  1.08767162e-15
    -4.25007252e-16 -2.44249065e-15]]

  [[-1.56125113e-16 -1.05948236e-15  2.72351586e-16 ... -3.92481186e-16
     1.05492871e-15  7.11236625e-17]
   [-1.06208445e-15 -7.07767178e-16 -1.90125693e-15 ...  6.82180007e-16
     4.35686643e-16 -8.32667268e-17]
   [ 2.75821033e-16 -1.91513472e-15  1.12757026e-15 ...  7.67615138e-17
    -1.11022302e-16  9.14632953e-16]
   ...
   [-3.90746463e-16  6.80445283e-16  7.50267903e-17 ...  2.89698820e-16
     1.17961196e-16  6.55725474e-16]
   [ 1.05492871e-15  4.36337164e-16 -1.11022302e-16 ...  1.18828558e-16
     2.19442520e-16  1.16573418e-15]
   [ 6.41847686e-17 -9.02056208e-17  9.09428782e-16 ...  6.63098049e-16
     1.16573418e-15  3.22658567e-16]]

  ...

  [[-1.73472348e-17 -1.43982049e-16 -1.49056115e-15 ...  4.37150316e-16
    -5.91540705e-16  1.39840396e-15]
   [-1.42247325e-16 -4.73796349e-16  6.85649454e-16 ... -1.24900090e-16
     7.51135265e-16 -1.58727198e-16]
   [-1.49142851e-15  6.83481050e-16  4.05925293e-16 ... -7.82793969e-17
     3.83373888e-16 -4.14165230e-17]
   ...
   [ 4.37150316e-16 -1.11022302e-16 -7.89299182e-17 ... -5.23886490e-16
    -8.32667268e-17 -8.50014503e-17]
   [-5.93492269e-16  7.54604712e-16  3.81639165e-16 ... -7.63278329e-17
    -2.93168267e-16 -6.11381605e-16]
   [ 1.39970500e-15 -1.63497688e-16 -4.09828421e-17 ... -8.15320034e-17
    -6.12791068e-16  9.06393016e-17]]

  [[ 4.16333634e-16  5.15646553e-16  1.85181731e-16 ... -4.22838847e-17
     4.21537805e-16  1.64690310e-15]
   [ 5.12177106e-16 -1.66533454e-16  4.31078784e-16 ...  7.50701584e-16
    -2.84494650e-16 -3.77952877e-16]
   [ 1.86265933e-16  4.28693539e-16 -4.71844785e-16 ... -8.36570396e-16
     7.71084585e-16 -7.77156117e-16]
   ...
   [-3.90312782e-17  7.52869989e-16 -8.37004077e-16 ... -1.66533454e-16
    -3.06178694e-16 -8.14886353e-16]
   [ 4.19803081e-16 -2.77555756e-16  7.77156117e-16 ... -3.09214460e-16
    -4.37150316e-16 -4.09828421e-16]
   [ 1.64256629e-15 -3.76218154e-16 -7.77156117e-16 ... -8.16621076e-16
    -4.15899953e-16  7.14706072e-16]]

  [[-1.17961196e-16 -7.49400542e-16 -8.22258928e-16 ... -1.79977561e-17
     3.70797143e-16 -2.61943245e-16]
   [-7.48533180e-16  4.33680869e-17 -9.36750677e-17 ... -1.62196645e-16
    -3.78169718e-16  9.22872889e-16]
   [-8.15320034e-16 -1.04083409e-16  5.49907342e-16 ...  1.17961196e-16
    -5.13478149e-16 -1.74339709e-16]
   ...
   [-1.92987987e-17 -1.62196645e-16  1.16226473e-16 ... -7.25114413e-16
     5.77662918e-16  1.73472348e-16]
   [ 3.74266590e-16 -3.76434994e-16 -5.13478149e-16 ...  5.75928194e-16
     4.08527379e-16 -5.72458747e-17]
   [-2.63677968e-16  9.22872889e-16 -1.73472348e-16 ...  1.71737624e-16
    -5.72458747e-17  2.49800181e-16]]]


 [[[ 8.32667268e-17  5.20417043e-17 -8.30065183e-16 ...  2.27899297e-16
    -6.39245601e-16  1.06512021e-15]
   [ 5.37764278e-17  8.71698547e-17  2.72351586e-16 ... -1.49186219e-15
     1.84531210e-16 -8.10115863e-16]
   [-8.30065183e-16  2.74086309e-16  2.07489191e-15 ... -5.88071258e-16
     5.03069808e-16  3.70363462e-16]
   ...
   [ 2.26164573e-16 -1.49793372e-15 -5.86119694e-16 ... -1.08073273e-15
     3.18538598e-16  1.10111573e-15]
   [-6.39245601e-16  1.84748050e-16  5.03069808e-16 ...  3.18538598e-16
     5.62294352e-17  7.44196371e-16]
   [ 1.06338549e-15 -8.15320034e-16  3.70363462e-16 ...  1.10198309e-15
     7.40726924e-16 -1.22417267e-15]]

  [[-1.49186219e-16 -1.06208445e-15  2.68882139e-16 ... -3.93131708e-16
     1.05145927e-15  7.28583860e-17]
   [-1.06295181e-15 -7.14706072e-16 -1.90125693e-15 ...  6.81312645e-16
     4.26904605e-16 -8.32667268e-17]
   [ 2.74086309e-16 -1.91513472e-15  1.11889664e-15 ...  8.19656842e-17
    -1.17961196e-16  9.18536081e-16]
   ...
   [-3.93999069e-16  6.82180007e-16  8.23993651e-17 ...  2.96637714e-16
     1.16660154e-16  6.68302219e-16]
   [ 1.05145927e-15  4.31891935e-16 -1.11022302e-16 ...  1.17527515e-16
     2.13370988e-16  1.16573418e-15]
   [ 6.93889390e-17 -8.67361738e-17  9.21788687e-16 ...  6.65700134e-16
     1.16573418e-15  3.15719673e-16]]

  [[ 6.10622664e-16  1.89778748e-15  2.08188501e-15 ... -7.52869989e-16
     2.82705716e-16 -2.50797647e-15]
   [ 1.89431804e-15 -5.55111512e-17  1.11802928e-15 ...  4.02455846e-16
    -3.95516953e-16  5.55111512e-16]
   [ 2.08188501e-15  1.11542720e-15 -2.22044605e-15 ...  3.08780779e-16
    -7.48533180e-16 -1.25593980e-15]
   ...
   [-7.66747776e-16  4.09394740e-16  3.08780779e-16 ...  2.49800181e-15
     6.45317133e-16 -7.23379689e-16]
   [ 2.82488876e-16 -3.95516953e-16 -7.45063733e-16 ...  6.52256027e-16
    -1.05471187e-15 -1.11455983e-15]
   [-2.49930285e-15  5.60315683e-16 -1.24206201e-15 ... -7.19910243e-16
    -1.12149873e-15  1.05471187e-15]]

  ...

  [[ 6.11490025e-16  1.02435421e-15 -5.92841748e-16 ...  1.84748050e-16
    -2.17382536e-16  5.52075746e-16]
   [ 1.02435421e-15 -7.38992201e-16  8.38630380e-17 ... -7.67615138e-17
    -8.33534630e-16  1.11022302e-16]
   [-5.95010152e-16  8.24535752e-17  3.19189120e-16 ...  3.17454396e-16
     2.80157841e-16  6.72205347e-17]
   ...
   [ 1.81278603e-16 -7.80625564e-17  3.15719673e-16 ... -6.24500451e-17
     1.50812522e-16  4.07660017e-16]
   [-2.19225679e-16 -8.34401992e-16  2.81025203e-16 ...  1.54065129e-16
     1.00613962e-16 -5.74627151e-17]
   [ 5.50774704e-16  1.09287579e-16  7.24247051e-17 ...  3.97251676e-16
    -6.00648004e-17  4.89192020e-16]]

  [[ 1.11022302e-16 -7.06357715e-16  5.01335085e-16 ... -8.41340886e-17
     5.24753851e-16 -7.43762690e-17]
   [-7.01587226e-16 -5.79397641e-16 -1.21430643e-16 ...  3.76434994e-16
     7.71084585e-16 -4.92661467e-16]
   [ 5.04804532e-16 -1.24900090e-16 -7.39859563e-16 ...  2.76688394e-16
    -1.94289029e-16  5.72458747e-17]
   ...
   [-8.41340886e-17  3.79904441e-16  2.77555756e-16 ... -2.42861287e-16
    -2.54570670e-16 -3.98986399e-16]
   [ 5.24753851e-16  7.73686670e-16 -2.01227923e-16 ... -2.55004351e-16
     5.89805982e-16 -2.01227923e-16]
   [-7.43762690e-17 -4.96130914e-16  6.07153217e-17 ... -3.97251676e-16
    -2.15105711e-16  2.56739074e-16]]

  [[-1.94289029e-16  5.42101086e-16  3.74049750e-16 ... -1.95047971e-16
     3.21791205e-16 -9.54545145e-16]
   [ 5.37764278e-16 -1.66533454e-16  9.17668719e-16 ... -4.44522891e-17
    -5.89805982e-16 -1.76074433e-16]
   [ 3.69712941e-16  9.17885559e-16 -1.20042865e-15 ...  7.11236625e-17
     5.03069808e-17 -1.94289029e-16]
   ...
   [-1.94831130e-16 -3.81639165e-17  7.06899816e-17 ... -3.05311332e-16
     6.06069014e-17 -2.66280054e-16]
   [ 3.19189120e-16 -5.82867088e-16  5.37764278e-17 ...  5.36680075e-17
     3.95516953e-16 -3.72965547e-16]
   [-9.48907294e-16 -1.83013327e-16 -1.94289029e-16 ... -2.58907479e-16
    -3.66026653e-16  5.68989300e-16]]]


 ...


 [[[ 8.22258928e-16 -3.72965547e-17  2.24429850e-16 ...  2.27248775e-16
     3.65376132e-17  4.51895465e-16]
   [-3.90312782e-17 -8.23993651e-18 -3.91396984e-16 ...  4.44089210e-16
    -3.89228580e-17 -2.10335221e-17]
   [ 2.26164573e-16 -3.91396984e-16 -7.59808882e-16 ...  1.73797608e-16
    -8.04478012e-17 -1.86265933e-16]
   ...
   [ 2.27248775e-16  4.44089210e-16  1.70653422e-16 ...  2.90999863e-16
     9.80118764e-17 -3.09322880e-16]
   [ 4.01154804e-17 -3.74049750e-17 -8.08814821e-17 ...  9.45424294e-17
     3.34801631e-16 -4.08798429e-16]
   [ 4.50160742e-16 -2.27682456e-17 -1.86157513e-16 ... -3.11057603e-16
    -4.11454724e-16  6.44449771e-16]]

  [[ 3.46944695e-18 -1.45716772e-16 -1.48665802e-15 ...  4.44089210e-16
    -5.93709110e-16  1.39298295e-15]
   [-1.44849410e-16 -4.58400679e-16  6.91720986e-16 ... -1.24900090e-16
     7.55038393e-16 -1.61329283e-16]
   [-1.48665802e-15  6.87384177e-16  4.19803081e-16 ... -7.65446734e-17
     3.83373888e-16 -3.03576608e-17]
   ...
   [ 4.47558657e-16 -1.24900090e-16 -7.89299182e-17 ... -5.36029554e-16
    -7.63278329e-17 -8.84708973e-17]
   [-5.96311195e-16  7.61977287e-16  3.85108612e-16 ... -6.93889390e-17
    -2.86229374e-16 -6.10622664e-16]
   [ 1.39211559e-15 -1.65232411e-16 -3.14418630e-17 ... -8.67361738e-17
    -6.11706866e-16  8.63024929e-17]]

  [[ 6.35776154e-16  1.02435421e-15 -5.95443833e-16 ...  1.90711162e-16
    -2.13045727e-16  5.47738938e-16]
   [ 1.02088477e-15 -7.42461648e-16  8.53267110e-17 ... -7.78457160e-17
    -8.30065183e-16  1.14491749e-16]
   [-5.91757546e-16  8.58146020e-17  3.19189120e-16 ...  3.20923843e-16
     2.81892565e-16  6.76542156e-17]
   ...
   [ 1.80519662e-16 -8.15320034e-17  3.24393290e-16 ... -5.89805982e-17
     1.47885176e-16  4.11129464e-16]
   [-2.16732014e-16 -8.31799907e-16  2.79290480e-16 ...  1.50487262e-16
     1.07552856e-16 -5.43185288e-17]
   [ 5.48606299e-16  1.17961196e-16  6.76542156e-17 ...  4.05925293e-16
    -6.12574227e-17  4.89192020e-16]]

  ...

  [[-5.55111512e-16 -7.80625564e-16 -1.07162543e-15 ...  2.96637714e-16
    -6.93455710e-16 -7.42949539e-16]
   [-7.78890841e-16 -2.22044605e-16  2.96637714e-16 ... -5.42968448e-16
     5.55111512e-17 -7.41594286e-16]
   [-1.06685494e-15  3.01841885e-16  2.44249065e-15 ... -6.41847686e-17
    -2.32452946e-16 -3.46944695e-16]
   ...
   [ 2.97505076e-16 -5.36029554e-16 -6.76542156e-17 ... -1.11022302e-16
    -4.68375339e-17  5.49907342e-16]
   [-6.93889390e-16  5.55111512e-17 -2.16840434e-16 ... -5.37764278e-17
    -2.77555756e-16  1.53696500e-15]
   [-7.42244807e-16 -7.35522754e-16 -3.60822483e-16 ...  5.58580959e-16
     1.51961776e-15 -1.22124533e-15]]

  [[-1.89084859e-16  1.26674116e-15  3.15285992e-16 ...  8.23993651e-17
    -1.15012166e-15 -9.45207454e-16]
   [ 1.26674116e-15 -3.20923843e-16  1.17527515e-16 ... -1.07552856e-16
    -3.09648140e-16  5.74193471e-16]
   [ 3.18267548e-16  1.21647484e-16  6.36643516e-16 ...  1.50053581e-16
    -2.55004351e-16  6.14742632e-17]
   ...
   [ 8.93382590e-17 -1.07552856e-16  1.51788304e-16 ... -6.41847686e-17
    -1.52655666e-16 -1.08420217e-16]
   [-1.15098903e-15 -3.07696577e-16 -2.51534904e-16 ... -1.52655666e-16
     4.33680869e-17  9.92044988e-16]
   [-9.43906411e-16  5.75928194e-16  6.64615932e-17 ... -1.11455983e-16
     9.91502887e-16 -1.21430643e-15]]

  [[-3.20923843e-17 -7.50267903e-17  1.10339255e-15 ... -3.10623922e-16
    -1.14047227e-15 -1.69395747e-15]
   [-7.54604712e-17  1.09981468e-15  6.74373751e-16 ... -8.15320034e-17
    -8.14452672e-16  1.68268177e-16]
   [ 1.10154941e-15  6.73940070e-16 -7.09501902e-16 ...  3.97251676e-16
    -3.90312782e-16 -2.62376926e-16]
   ...
   [-3.05528172e-16 -8.23993651e-17  3.98986399e-16 ...  5.75928194e-16
    -1.14058069e-16 -1.07552856e-16]
   [-1.13678598e-15 -8.13585310e-16 -3.90312782e-16 ... -1.13190707e-16
     6.83697890e-16 -1.35308431e-16]
   [-1.69222275e-15  1.73472348e-16 -2.60208521e-16 ... -1.14491749e-16
    -1.34007389e-16 -3.81639165e-16]]]


 [[[ 1.38777878e-17 -3.46944695e-17 -6.41847686e-16 ...  4.65122732e-17
     2.25514052e-16  5.52292587e-16]
   [-3.46944695e-17 -6.93564130e-16  1.06230129e-15 ... -6.01081684e-16
     4.31946146e-16  3.75567633e-16]
   [-6.39679282e-16  1.05622976e-15  2.87137393e-16 ... -2.18249897e-16
     5.17814958e-16  3.24393290e-16]
   ...
   [ 3.95733793e-17 -5.99346961e-16 -2.14780450e-16 ... -7.52436308e-16
    -1.14871220e-15 -1.15142271e-15]
   [ 2.27248775e-16  4.40619763e-16  5.18682319e-16 ... -1.14947114e-15
    -3.31332184e-16 -7.25981775e-16]
   [ 5.58364119e-16  3.79037080e-16  3.24393290e-16 ... -1.15510899e-15
    -7.27933339e-16 -7.80625564e-18]]

  [[ 4.44089210e-16  5.17381277e-16  1.85615412e-16 ... -4.42354486e-17
     4.24139890e-16  1.65167359e-15]
   [ 5.17381277e-16 -1.66533454e-16  4.30861943e-16 ...  7.56339436e-16
    -2.77555756e-16 -3.75133952e-16]
   [ 1.87350135e-16  4.26308294e-16 -4.57966998e-16 ... -8.34401992e-16
     7.66747776e-16 -7.63278329e-16]
   ...
   [-4.27175656e-17  7.60242563e-16 -8.38305120e-16 ... -1.66533454e-16
    -3.02058725e-16 -8.12284268e-16]
   [ 4.21537805e-16 -2.70616862e-16  7.78890841e-16 ... -3.01841885e-16
    -4.16333634e-16 -4.11129464e-16]
   [ 1.64993887e-15 -3.75133952e-16 -7.63278329e-16 ... -8.12717948e-16
    -4.17634677e-16  7.28583860e-16]]

  [[ 1.07552856e-16 -7.01153545e-16  5.00034042e-16 ... -8.37004077e-17
     5.23886490e-16 -7.17741838e-17]
   [-7.02888268e-16 -5.65519853e-16 -1.21430643e-16 ...  3.76434994e-16
     7.78890841e-16 -4.85722573e-16]
   [ 5.02636127e-16 -1.24900090e-16 -7.32053307e-16 ...  2.81025203e-16
    -2.01227923e-16  5.55111512e-17]
   ...
   [-8.06646416e-17  3.79904441e-16  2.77555756e-16 ... -2.41126563e-16
    -2.55438032e-16 -3.92047506e-16]
   [ 5.21718085e-16  7.81492926e-16 -2.01227923e-16 ... -2.50233861e-16
     5.93275429e-16 -2.01227923e-16]
   [-7.26415456e-17 -4.89192020e-16  5.89805982e-17 ... -3.93782229e-16
    -2.08166817e-16  2.58473798e-16]]

  ...

  [[-1.97758476e-16  1.26457276e-15  3.15936513e-16 ...  8.76035355e-17
    -1.14231541e-15 -9.52146348e-16]
   [ 1.26890957e-15 -3.29597460e-16  1.16660154e-16 ... -1.14491749e-16
    -3.01841885e-16  5.71591385e-16]
   [ 3.17617026e-16  1.17310675e-16  6.31439345e-16 ...  1.50270421e-16
    -2.52402266e-16  6.54858112e-17]
   ...
   [ 8.93382590e-17 -1.14491749e-16  1.50487262e-16 ... -6.41847686e-17
    -1.56125113e-16 -1.07119175e-16]
   [-1.14188173e-15 -3.06829215e-16 -2.52402266e-16 ... -1.45716772e-16
     2.60208521e-17  9.89876583e-16]
   [-9.47809539e-16  5.75060832e-16  7.13405029e-17 ... -1.11022302e-16
     9.91502887e-16 -1.22298005e-15]]

  [[ 7.21644966e-16 -9.15066634e-17  7.14489232e-17 ...  3.66894015e-16
    -3.19189120e-16  5.02744547e-16]
   [-8.71698547e-17  4.44089210e-16  2.03830008e-16 ... -2.88831459e-16
    -4.78783679e-16  4.05925293e-16]
   [ 6.97684098e-17  2.03830008e-16 -1.11022302e-15 ...  1.00613962e-16
     5.82867088e-16  2.49800181e-16]
   ...
   [ 3.66460334e-16 -2.84494650e-16  1.04083409e-16 ... -8.32667268e-16
     1.90819582e-17  6.91720986e-16]
   [-3.22658567e-16 -4.78783679e-16  5.89805982e-16 ...  4.51028104e-17
     1.88737914e-15  6.21031004e-16]
   [ 4.98624579e-16  4.06792655e-16  2.49800181e-16 ...  6.83047369e-16
     6.10622664e-16 -6.66133815e-16]]

  [[-5.98479599e-17  2.38958159e-16  7.45063733e-16 ... -4.12647347e-16
    -7.31185945e-16 -1.32099193e-15]
   [ 2.39174999e-16 -4.35415592e-16  1.17961196e-15 ... -6.08020578e-16
    -4.12864187e-16 -7.58941521e-17]
   [ 7.39859563e-16  1.17961196e-15 -1.12236609e-15 ... -7.00394603e-17
    -1.94289029e-16 -3.60822483e-16]
   ...
   [-4.17417836e-16 -6.08454259e-16 -6.67868538e-17 ...  1.50227053e-15
     9.90960786e-16 -1.33573708e-16]
   [-7.26415456e-16 -4.12864187e-16 -1.87350135e-16 ...  9.90635525e-16
     6.01081684e-16  1.11022302e-15]
   [-1.32185929e-15 -7.50267903e-17 -3.59955121e-16 ... -1.34007389e-16
     1.12410081e-15  9.92261828e-16]]]


 [[[-4.09394740e-16 -8.84708973e-16  1.06251813e-15 ...  4.49943902e-16
     5.63351449e-16 -5.72458747e-17]
   [-8.82974249e-16 -7.96238075e-16  6.93889390e-17 ...  1.39840396e-15
     1.64365049e-15 -2.49800181e-16]
   [ 1.06251813e-15  7.63278329e-17 -2.49626708e-15 ...  5.42101086e-16
    -5.83300769e-17 -9.54965274e-16]
   ...
   [ 4.52112306e-16  1.40057237e-15  5.45136852e-16 ... -7.32486988e-16
    -9.51712667e-16 -1.69178907e-15]
   [ 5.64652491e-16  1.64278313e-15 -5.65953534e-17 ... -9.51929507e-16
     4.98028268e-16 -1.31405303e-15]
   [-5.72458747e-17 -2.53269627e-16 -9.49761103e-16 ... -1.69178907e-15
    -1.31665512e-15  3.93619599e-15]]

  [[-1.24900090e-16 -7.41594286e-16 -8.21391566e-16 ... -1.69135539e-17
     3.72965547e-16 -2.58473798e-16]
   [-7.45931095e-16  3.29597460e-17 -9.02056208e-17 ... -1.64365049e-16
    -3.78820239e-16  9.22872889e-16]
   [-8.20524204e-16 -1.00613962e-16  5.62050406e-16 ...  1.13624388e-16
    -5.13478149e-16 -1.76074433e-16]
   ...
   [-1.51788304e-17 -1.63931368e-16  1.11889664e-16 ... -7.32920669e-16
     5.77662918e-16  1.75207071e-16]
   [ 3.73399228e-16 -3.77952877e-16 -5.10008702e-16 ...  5.72458747e-16
     3.97251676e-16 -6.15826834e-17]
   [-2.55004351e-16  9.22872889e-16 -1.73472348e-16 ...  1.70002901e-16
    -5.81132364e-17  2.48065457e-16]]

  [[-1.94289029e-16  5.34294831e-16  3.76651835e-16 ... -1.91470104e-16
     3.21357524e-16 -9.51482274e-16]
   [ 5.29958022e-16 -1.38777878e-16  9.24390772e-16 ... -3.36102673e-17
    -5.82867088e-16 -1.74339709e-16]
   [ 3.74700271e-16  9.18319240e-16 -1.20042865e-15 ...  7.11236625e-17
     4.16333634e-17 -1.94289029e-16]
   ...
   [-2.01553184e-16 -3.46944695e-17  6.20163643e-17 ... -3.05311332e-16
     6.28837260e-17 -2.60208521e-16]
   [ 3.21357524e-16 -5.68989300e-16  3.81639165e-17 ...  6.29921462e-17
     3.88578059e-16 -3.61689845e-16]
   [-9.45410742e-16 -1.80411242e-16 -1.66533454e-16 ... -2.49366500e-16
    -3.59955121e-16  5.96744876e-16]]

  ...

  [[-3.64291930e-17 -7.58941521e-17  1.10230835e-15 ... -3.07479736e-16
    -1.14540539e-15 -1.69786060e-15]
   [-7.32920669e-17  1.09114107e-15  6.76542156e-16 ... -8.41340886e-17
    -8.12717948e-16  1.66533454e-16]
   [ 1.09894732e-15  6.72205347e-16 -6.96491476e-16 ...  3.95516953e-16
    -3.88578059e-16 -2.60642202e-16]
   ...
   [-3.02383986e-16 -8.15320034e-17  3.97251676e-16 ...  5.75928194e-16
    -1.09721260e-16 -1.07552856e-16]
   [-1.14003858e-15 -8.12717948e-16 -3.90312782e-16 ... -1.07119175e-16
     6.88034699e-16 -1.39645240e-16]
   [-1.69786060e-15  1.70002901e-16 -2.61509564e-16 ... -1.14491749e-16
    -1.38777878e-16 -3.81639165e-16]]

  [[-4.59701721e-17  2.46547574e-16  7.44196371e-16 ... -4.18068358e-16
    -7.32486988e-16 -1.31925720e-15]
   [ 2.45246531e-16 -4.30211422e-16  1.17961196e-15 ... -6.09321621e-16
    -4.09394740e-16 -6.80878964e-17]
   [ 7.46798456e-16  1.17961196e-15 -1.13277443e-15 ... -6.39679282e-17
    -1.94289029e-16 -3.60822483e-16]
   ...
   [-4.19152560e-16 -6.12791068e-16 -6.93889390e-17 ...  1.50227053e-15
     9.96164956e-16 -1.37043155e-16]
   [-7.24030211e-16 -4.14598911e-16 -1.94289029e-16 ...  9.98224940e-16
     6.01081684e-16  1.11716192e-15]
   [-1.31925720e-15 -6.98226199e-17 -3.53883589e-16 ... -1.37043155e-16
     1.12410081e-15  9.73179870e-16]]

  [[-3.88578059e-16 -6.60062283e-16 -1.20270547e-15 ...  6.33174069e-16
     1.04083409e-17  3.92340240e-15]
   [-6.60062283e-16 -2.27595720e-15  3.19189120e-16 ...  1.00613962e-16
     9.36750677e-16  2.52402266e-16]
   [-1.20617492e-15  3.24393290e-16  1.22124533e-15 ...  4.85722573e-16
     2.56739074e-16  7.14706072e-16]
   ...
   [ 6.28837260e-16  9.36750677e-17  4.89192020e-16 ... -1.44328993e-15
    -1.22124533e-15 -3.86843335e-16]
   [ 1.43114687e-17  9.50628465e-16  2.63677968e-16 ... -1.22298005e-15
    -1.66533454e-16  9.93996552e-16]
   [ 3.93728019e-15  2.51534904e-16  7.00828284e-16 ... -3.93782229e-16
     9.97465999e-16  2.16493490e-15]]]]
The sum of difference: 1.1352347962503492e-12
Time taken: 73.98 mins
