The number of orbitals is 6
Google yields: 20
Using gradient: True
Using alpha = 8
Sum of square is 9.324141514938457e-28
The solution is
[ 1.17509659e-01  9.15780865e-02  1.51211610e-01  6.56481516e-02
  5.16540344e-02 -6.82945889e-02  7.46305332e-02  1.38014183e-01
  4.62265146e-02  3.44519987e-02 -9.63292343e-02  2.09388503e-01
  1.05307435e-01  9.49592523e-02 -2.55752505e-02  1.64938479e-02
  4.77493358e-03 -1.26421108e-01 -1.22518819e-02 -1.30468482e-01
 -1.81435629e-01  1.78322124e+00  1.79348836e+00  2.79758641e+00
 -5.05779889e-02  2.01292200e+00  4.89847888e+00  9.65093490e-01
  3.91991925e+00  2.16292574e+00  2.22889066e+00  3.29730207e+00
  6.06519761e+00  3.69999737e+00  4.68459708e+00  3.94659622e+00
  1.14930894e-01  6.32216016e-02 -2.53306797e-02  6.20289758e-02
 -1.90080188e-02  2.31181666e-01  9.89922804e-02 -4.26703926e-02
  8.52013136e-02 -6.94617423e-03  2.67021293e-01 -1.64020708e-01
 -4.78168094e-02 -1.09892045e-01  7.50702940e-02  8.29961974e-02
 -8.84341636e-03  2.64987223e-01 -6.82536530e-02  1.25242466e-01
 -4.17019724e-01  1.09498462e+00  1.35392291e+00  5.64459724e+00
  4.66725676e+00  4.50755306e+00  6.50415017e+00  4.85805782e-01
  3.30162861e+00  3.26766321e+00  2.79747969e+00  1.30404981e+00
  1.28598948e-01  1.78404196e+00  1.12778592e+00  6.44416096e+00
  3.39665102e-02 -8.81338628e-03  8.00623268e-02  1.03573810e-01
  3.55026381e-02 -7.17340954e-02 -4.64750911e-02  3.62213645e-02
  6.02992844e-02 -5.89461930e-03 -1.06583572e-01  1.12454070e-01
  1.48600685e-01  7.59894098e-02 -2.76208961e-02  1.96721565e-01
  1.08963100e-01  1.49833982e-02  4.34757577e-02 -6.95184633e-02
 -1.53101239e-01  5.34637326e+00  2.22184868e+00 -3.89482384e-01
  5.35763051e+00  2.62909723e-01  5.07805301e+00  6.54418238e+00
  4.82942978e+00  3.40480676e+00  6.38961420e-01  6.09387810e-01
  4.32741125e+00  5.63046220e+00  2.15071122e+00  4.54899200e+00
 -7.11091161e-02  3.11285236e-02 -5.29866152e-02 -1.75106589e-02
 -3.99896948e-02  5.44255917e-02  1.41122131e-01  4.57755266e-02
  4.34489702e-02  3.39261198e-02  1.27787492e-01 -2.31136727e-02
 -2.72456072e-03 -1.83017869e-02  6.99906646e-02 -3.67962086e-02
 -2.73531494e-02  7.74877421e-02 -2.17536130e-02  6.27273183e-02
  1.84891574e-01  2.13248081e+00  3.18078441e+00  2.97081423e+00
  5.07421592e+00  3.23422580e-01  1.19555915e+00  3.37740979e+00
  6.02410982e+00  4.78029810e+00  2.42803959e+00  5.53981125e+00
  5.66488502e+00  3.46536278e+00  3.34998992e+00  4.34859750e+00
  1.02448379e-01  3.29369905e-02  4.63206199e-03 -1.52985836e-01
  1.15679369e-01  7.97203469e-02 -1.36668237e-01 -6.64908917e-02
 -2.47967696e-01  2.62579426e-02  2.20353194e-02 -1.19081849e-01
 -2.23420036e-01  1.96590667e-02 -1.62761040e-02  1.00183808e+00
 -1.51782055e-01 -1.05720363e-01  1.47827884e-01  1.00797319e-01
  1.27632876e-01  3.83270658e+00  3.72755711e+00  4.32932693e+00
  6.74278750e+00  9.92042532e-01  2.26589571e+00  6.14697392e+00
  1.56071235e+00  2.87669529e+00  4.15565873e+00  5.96217908e+00
  4.06190025e+00  1.76405069e+00  2.04739815e+00  3.41210014e+00
 -8.72303751e-02 -3.52740184e-02 -8.78884431e-02 -4.02127825e-02
 -9.53479835e-03  5.68390044e-02  5.46328316e-02 -2.63364028e-02
  2.42046540e-02  5.71591123e-02  1.16670527e-01 -7.69187932e-02
 -3.13709696e-02 -1.01188993e-02  6.08161519e-02  9.27055891e-03
  4.36890249e-02  1.06555613e-01  7.09780478e-02  1.39953704e-01
  2.25188809e-01  4.70799704e+00  5.03323672e+00  2.18830583e+00
  6.44957842e+00  3.10244058e+00  3.78774481e+00  3.95601065e+00
  3.29875844e+00  2.28576512e+00  2.50066825e+00  5.93627822e+00
  5.85078619e+00  3.83283233e+00  2.64572320e+00  3.81145605e+00
 -1.32925542e-01  4.90849238e-02 -3.85683861e-02 -4.27266873e-02
 -2.86123139e-02 -1.09967378e-01  2.35389264e-01  1.35767450e-01
  1.28477944e-01  1.42826704e-01  5.76260143e-02  5.41678424e-02
  3.62389819e-02  4.98951861e-02 -3.09232038e-02  3.54697417e-03
  4.30034775e-02 -3.67255880e-02  7.69547038e-02 -1.86998924e-02
 -1.27579012e-02  3.51207895e+00  1.68478086e+00  6.79593131e+00
  1.27837764e+00  2.37962437e+00  4.03050257e+00  5.53170810e+00
  5.67732825e+00  1.54741528e+00  2.10957602e+00  2.14373043e+00
  1.02754822e+00  4.43881440e+00  4.03356396e+00  1.93850433e+00
  1.03011278e-01  1.18994626e-01 -3.29180473e-04  6.77426747e-02
 -2.93778940e-02  3.98326683e-02  1.72170576e-01  1.70777648e-02
  9.09215128e-02 -1.20231602e-02  5.80958225e-02 -7.60235415e-02
 -2.09297948e-02 -1.22566974e-01 -3.23287563e-02  4.15755104e-02
 -4.92839497e-02  1.94611717e-02 -1.15591042e-01 -1.83055418e-02
  3.08948836e-01  3.79722211e+00  2.95969399e+00  4.29088610e+00
  1.14880616e+00  4.29844146e+00  5.13781526e+00  2.70856749e+00
  7.57813751e+00  2.95314931e+00  2.75796817e+00  6.51317259e+00
  3.33023799e-01  2.18234259e+00  4.78344491e+00  2.41609042e+00]
The difference is
[[[[ 2.22044605e-15 -2.49800181e-16 -6.93889390e-17  1.61329283e-16
     1.05124243e-15 -3.88578059e-16]
   [-2.49800181e-16 -2.22044605e-16 -7.42244807e-16 -1.47451495e-16
    -6.12357387e-16 -4.30211422e-16]
   [-4.16333634e-17 -7.35305913e-16  9.43689571e-16 -8.01442246e-16
     2.46330734e-16 -2.65412692e-16]
   [ 1.61329283e-16 -1.45716772e-16 -7.84095011e-16  4.44089210e-16
    -4.89192020e-16  6.14092110e-16]
   [ 1.05124243e-15 -6.12357387e-16  2.53269627e-16 -4.89192020e-16
     7.21644966e-16 -4.78783679e-16]
   [-3.40005801e-16 -4.30211422e-16 -2.81025203e-16  6.08887940e-16
    -4.75314232e-16  1.38777878e-16]]

  [[-3.33066907e-16  1.83186799e-15  2.46504206e-15  5.80088820e-16
     5.70290343e-17 -1.58727198e-16]
   [ 1.83186799e-15 -4.12864187e-16  5.20417043e-17 -7.68807761e-16
     1.78459678e-16 -2.97505076e-16]
   [ 2.46764414e-15  5.33427469e-17 -1.92554306e-16 -4.41161864e-16
    -8.02309608e-16 -4.83987850e-16]
   [ 5.75264120e-16 -7.68916181e-16 -4.40511343e-16  3.01841885e-16
     1.35308431e-16 -3.62015105e-16]
   [ 5.76795556e-17  1.74448130e-16 -8.04152751e-16  1.33031607e-16
     1.55908272e-15  4.45823933e-16]
   [-1.57859836e-16 -2.99239800e-16 -4.84855212e-16 -3.65376132e-16
     4.46257614e-16  4.35415592e-16]]

  [[-4.16333634e-17  2.46764414e-15 -2.28810026e-15  2.12153293e-15
     2.41092682e-16  1.30971622e-16]
   [ 2.47024623e-15 -4.07660017e-16 -9.32088608e-16  1.12323345e-16
    -3.31505656e-15  8.41340886e-17]
   [-2.28983499e-15 -9.32413868e-16  1.02348685e-16 -8.66928057e-16
     4.29127220e-16 -2.69749501e-16]
   [ 2.12176332e-15  1.13624388e-16 -8.67253318e-16 -7.89299182e-17
    -4.14924171e-16  9.04712503e-16]
   [ 2.38117902e-16 -3.31478551e-15  4.26525135e-16 -4.15466272e-16
     8.42641928e-16 -2.95705301e-15]
   [ 1.25767452e-16  8.84708973e-17 -2.68882139e-16  9.04929343e-16
    -2.95813721e-15  2.03309591e-15]]

  [[ 1.61329283e-16  5.80854538e-16  2.12265101e-15 -1.05557924e-15
    -8.05128533e-16 -6.66958825e-16]
   [ 5.79255339e-16  3.08780779e-16  3.80798908e-16  4.70110062e-16
    -1.53655842e-15  1.35091591e-16]
   [ 2.12134997e-15  3.80141610e-16  1.38777878e-16  5.45570533e-16
     3.25369072e-16 -5.68447199e-16]
   [-1.05037506e-15  4.73579509e-16  5.43835810e-16  1.13624388e-15
     4.84194526e-16 -6.52689708e-17]
   [-8.02526448e-16 -1.53235714e-15  3.23092247e-16  4.79369826e-16
     7.16440796e-16 -6.01244315e-16]
   [-6.64898841e-16  1.40946282e-16 -5.71103494e-16 -6.80878964e-17
    -6.03250089e-16  3.69496100e-16]]

  [[ 1.05124243e-15  6.02816408e-17  2.37840075e-16 -7.98298060e-16
    -3.64291930e-17 -7.34113291e-16]
   [ 5.96311195e-17 -1.83880688e-16  1.59263878e-15  1.32150692e-16
     3.32199546e-16  1.17744356e-16]
   [ 2.37386066e-16  1.59052459e-15 -3.26128013e-16 -1.86482774e-16
    -7.12971349e-16  8.22258928e-16]
   [-7.97755959e-16  1.34535937e-16 -1.86699614e-16 -9.38485401e-16
    -4.84421531e-16  7.07929809e-16]
   [-3.81639165e-17  3.31332184e-16 -7.14706072e-16 -4.80084722e-16
    -2.84494650e-16  1.21192119e-15]
   [-7.34763812e-16  1.20780122e-16  8.23776811e-16  7.05151540e-16
     1.20910226e-15  1.69655956e-15]]

  [[-3.40005801e-16 -1.70870262e-16  1.21430643e-16 -6.67658474e-16
    -7.32053307e-16  2.22478286e-16]
   [-1.68268177e-16 -1.18568350e-15 -1.23729152e-15  1.14199015e-15
    -9.42808657e-16 -1.83880688e-16]
   [ 1.23165367e-16 -1.23425575e-15  9.82585324e-16  7.99463577e-16
    -6.76542156e-17  2.53703308e-16]
   [-6.69332211e-16  1.14741116e-15  7.97173200e-16 -9.08561421e-17
    -3.23688559e-16  5.71266125e-16]
   [-7.35089073e-16 -9.53488048e-16 -6.72205347e-17 -3.27971157e-16
    -6.88034699e-16 -2.34601021e-15]
   [ 2.11202583e-16 -1.88217497e-16  2.49041239e-16  5.82108146e-16
    -2.34506154e-15 -1.82145965e-16]]]


 [[[-3.33066907e-16  1.83186799e-15  2.46504206e-15  5.80088820e-16
     5.70290343e-17 -1.58727198e-16]
   [ 1.83186799e-15 -4.12864187e-16  5.20417043e-17 -7.68807761e-16
     1.78459678e-16 -2.97505076e-16]
   [ 2.46764414e-15  5.33427469e-17 -1.92554306e-16 -4.41161864e-16
    -8.02309608e-16 -4.83987850e-16]
   [ 5.75264120e-16 -7.68916181e-16 -4.40511343e-16  3.01841885e-16
     1.35308431e-16 -3.62015105e-16]
   [ 5.76795556e-17  1.74448130e-16 -8.04152751e-16  1.33031607e-16
     1.55908272e-15  4.45823933e-16]
   [-1.57859836e-16 -2.99239800e-16 -4.84855212e-16 -3.65376132e-16
     4.46257614e-16  4.35415592e-16]]

  [[-1.11022302e-16 -4.11996826e-16 -4.33680869e-16  2.93168267e-16
    -1.73472348e-16 -1.18698454e-15]
   [-4.15466272e-16 -1.05471187e-15  2.08166817e-17 -2.47198095e-16
    -9.52363188e-16  6.93889390e-16]
   [-4.33680869e-16  2.08166817e-17  5.41233725e-16  2.63677968e-16
     1.28369537e-16 -4.02455846e-16]
   [ 2.93168267e-16 -2.51101223e-16  2.60208521e-16  9.15933995e-16
    -1.50747470e-15  2.79290480e-16]
   [-1.80411242e-16 -9.60169444e-16  1.14491749e-16 -1.51267887e-15
    -1.22124533e-15 -1.01047642e-15]
   [-1.19392343e-15  6.93889390e-16 -3.88578059e-16  2.87964097e-16
    -1.01221115e-15  9.15933995e-16]]

  [[-7.52544728e-16  4.55364912e-17 -9.34202802e-16  3.81998307e-16
     1.59323509e-15 -1.24292937e-15]
   [ 4.81385765e-17  3.46944695e-18  4.36282954e-16 -6.42498207e-16
    -2.89427770e-16  9.57567359e-16]
   [-9.36533837e-16  4.39752401e-16  1.02565526e-16  1.89220384e-16
     3.75133952e-16  1.17310675e-15]
   [ 3.77444658e-16 -6.49437101e-16  1.88271707e-16  7.32378568e-17
     1.50048160e-15 -9.79576663e-16]
   [ 1.59025354e-15 -2.89102509e-16  3.74917111e-16  1.50199948e-15
     1.80107665e-15  2.01119503e-16]
   [-1.25247035e-15  9.59302082e-16  1.17657620e-15 -9.83479791e-16
     2.05022631e-16 -1.94289029e-16]]

  [[-1.19695920e-16 -7.59808882e-16  1.16605944e-16  4.73579509e-16
     1.34197124e-16  1.14101437e-15]
   [-7.63820431e-16 -2.59449580e-16 -6.42498207e-16  6.01949046e-16
     4.08310538e-16 -7.30752264e-16]
   [ 1.21051173e-16 -6.41197165e-16  5.20417043e-18 -8.67361738e-18
    -1.51435938e-16 -8.59772323e-16]
   [ 4.75314232e-16  6.01949046e-16 -1.73472348e-17 -7.97972799e-16
    -9.24234918e-16  1.09287579e-16]
   [ 1.32462400e-16  4.07443176e-16 -1.50297526e-16 -9.27704365e-16
    -7.19910243e-16  5.80698684e-16]
   [ 1.15966264e-15 -7.30318583e-16 -8.60856525e-16  1.11022302e-16
     5.78096598e-16 -6.64941192e-16]]

  [[-6.17561557e-16  1.70870262e-16 -3.32036915e-15 -1.53758842e-15
     3.33066907e-16 -9.49408737e-16]
   [ 1.68810278e-16 -9.62771529e-16 -2.87855677e-16  4.05274772e-16
     2.74086309e-16  1.03812358e-15]
   [-3.31738760e-15 -2.86229374e-16  1.15359111e-15  2.11067058e-16
    -8.37871439e-16 -1.19262239e-16]
   [-1.53926893e-15  4.01805325e-16  2.08248132e-16  7.42461648e-16
     4.28476699e-16  2.45463372e-16]
   [ 3.29597460e-16  2.65412692e-16 -8.43075609e-16  4.25549353e-16
     4.33680869e-16 -5.20417043e-16]
   [-9.51644904e-16  1.03725622e-15 -1.22298005e-16  2.44596010e-16
    -5.18682319e-16  1.48318857e-16]]

  [[-4.30211422e-16 -2.94902991e-16  8.06646416e-17  1.45066251e-16
     1.15413321e-16 -1.91686944e-16]
   [-2.94035629e-16  7.07767178e-16  9.26342336e-16 -7.32053307e-16
     1.04115935e-15  3.74700271e-16]
   [ 7.97972799e-17  9.24607613e-16 -1.75207071e-16  5.36029554e-16
     2.40584462e-16  5.37764278e-16]
   [ 1.47451495e-16 -7.31619626e-16  5.33861150e-16  2.08166817e-16
     2.94035629e-16 -3.37620557e-16]
   [ 1.15467531e-16  1.03768990e-15  2.44541800e-16  2.92734587e-16
     1.57859836e-16  2.35055031e-16]
   [-1.88217497e-16  3.81639165e-16  5.39499001e-16 -3.37403716e-16
     2.32886627e-16 -5.13478149e-16]]]


 [[[-4.16333634e-17  2.46764414e-15 -2.28810026e-15  2.12153293e-15
     2.41092682e-16  1.30971622e-16]
   [ 2.47024623e-15 -4.07660017e-16 -9.32088608e-16  1.12323345e-16
    -3.31505656e-15  8.41340886e-17]
   [-2.28983499e-15 -9.32413868e-16  1.02348685e-16 -8.66928057e-16
     4.29127220e-16 -2.69749501e-16]
   [ 2.12176332e-15  1.13624388e-16 -8.67253318e-16 -7.89299182e-17
    -4.14924171e-16  9.04712503e-16]
   [ 2.38117902e-16 -3.31478551e-15  4.26525135e-16 -4.15466272e-16
     8.42641928e-16 -2.95705301e-15]
   [ 1.25767452e-16  8.84708973e-17 -2.68882139e-16  9.04929343e-16
    -2.95813721e-15  2.03309591e-15]]

  [[-7.52544728e-16  4.55364912e-17 -9.34202802e-16  3.81998307e-16
     1.59323509e-15 -1.24292937e-15]
   [ 4.81385765e-17  3.46944695e-18  4.36282954e-16 -6.42498207e-16
    -2.89427770e-16  9.57567359e-16]
   [-9.36533837e-16  4.39752401e-16  1.02565526e-16  1.89220384e-16
     3.75133952e-16  1.17310675e-15]
   [ 3.77444658e-16 -6.49437101e-16  1.88271707e-16  7.32378568e-17
     1.50048160e-15 -9.79576663e-16]
   [ 1.59025354e-15 -2.89102509e-16  3.74917111e-16  1.50199948e-15
     1.80107665e-15  2.01119503e-16]
   [-1.25247035e-15  9.59302082e-16  1.17657620e-15 -9.83479791e-16
     2.05022631e-16 -1.94289029e-16]]

  [[ 9.43689571e-16 -1.99493200e-16  1.00180281e-16  1.30104261e-16
    -3.22658567e-16  9.22899994e-16]
   [-1.92554306e-16  5.68989300e-16  1.39211559e-16  1.56125113e-17
     1.13797860e-15 -1.13624388e-16]
   [ 1.00180281e-16  1.40946282e-16  1.60982339e-15  2.81025203e-16
    -6.15826834e-16 -1.29757316e-15]
   [ 1.26634814e-16  1.73472348e-17  2.81025203e-16  1.38777878e-16
    -1.63757896e-15  2.51534904e-16]
   [-3.22658567e-16  1.14665222e-15 -5.98479599e-16 -1.63757896e-15
    -1.19348975e-15  6.15826834e-16]
   [ 9.35043059e-16 -1.20563282e-16 -1.30104261e-15  2.53269627e-16
     6.15826834e-16 -9.29811783e-16]]

  [[-8.29197822e-16 -4.30048792e-16 -8.66060695e-16  5.40366363e-16
    -1.86916455e-16  8.02553553e-16]
   [-4.33301398e-16  2.67147415e-16  1.87350135e-16 -8.67361738e-18
     2.07502743e-16  5.39065320e-16]
   [-8.65193334e-16  1.88163287e-16  2.98372438e-16 -9.40220124e-16
     4.07226336e-16  5.66929316e-16]
   [ 5.34294831e-16 -1.38777878e-17 -9.36750677e-16  2.60208521e-16
    -6.99581452e-16  5.98479599e-17]
   [-1.86265933e-16  2.04954868e-16  4.10912623e-16 -6.99418821e-16
     1.80411242e-16 -1.56474090e-16]
   [ 7.95939920e-16  5.38631639e-16  5.70398763e-16  5.98479599e-17
    -1.58046184e-16  2.67147415e-16]]

  [[ 2.60208521e-16 -8.05779055e-16  4.18285198e-16  3.24610130e-16
    -7.10369263e-16 -7.38341679e-17]
   [-8.02309608e-16  1.37043155e-16  3.73941329e-16 -1.45987823e-16
    -8.51749227e-16  2.34567140e-16]
   [ 4.20019922e-16  3.67869797e-16 -6.29704622e-16  4.02347426e-16
     1.03736464e-15 -2.40042361e-16]
   [ 3.23851189e-16 -1.49186219e-16  4.06467394e-16  7.25114413e-16
     4.25874613e-16 -4.20426497e-16]
   [-7.12103987e-16 -8.51749227e-16  1.03042574e-15  4.27121446e-16
    -4.85722573e-17 -6.87817858e-16]
   [-7.16657636e-17  2.44975481e-16 -2.39608680e-16 -4.18312303e-16
    -6.86950496e-16 -1.07032438e-15]]

  [[-2.96637714e-16 -4.66640615e-16 -2.65846373e-16 -5.71862436e-16
     8.13151629e-16  2.89698820e-16]
   [-4.66640615e-16 -3.92047506e-16  1.22731686e-15 -8.62157568e-16
    -1.19479079e-16  6.34908792e-16]
   [-2.67147415e-16  1.22644950e-15 -1.30451205e-15  5.57822018e-16
    -2.47848617e-16  2.12503626e-15]
   [-5.73542949e-16 -8.60422844e-16  5.60857784e-16 -7.14218181e-16
     2.22781862e-15 -3.44125770e-16]
   [ 8.16621076e-16 -1.22948526e-16 -2.45463372e-16  2.22868599e-15
     1.98842678e-15  1.48904326e-15]
   [ 2.80699942e-16  6.36643516e-16  2.12503626e-15 -3.44125770e-16
     1.49142851e-15  6.24500451e-17]]]


 [[[ 1.61329283e-16  5.80854538e-16  2.12265101e-15 -1.05557924e-15
    -8.05128533e-16 -6.66958825e-16]
   [ 5.79255339e-16  3.08780779e-16  3.80798908e-16  4.70110062e-16
    -1.53655842e-15  1.35091591e-16]
   [ 2.12134997e-15  3.80141610e-16  1.38777878e-16  5.45570533e-16
     3.25369072e-16 -5.68447199e-16]
   [-1.05037506e-15  4.73579509e-16  5.43835810e-16  1.13624388e-15
     4.84194526e-16 -6.52689708e-17]
   [-8.02526448e-16 -1.53235714e-15  3.23092247e-16  4.79369826e-16
     7.16440796e-16 -6.01244315e-16]
   [-6.64898841e-16  1.40946282e-16 -5.71103494e-16 -6.80878964e-17
    -6.03250089e-16  3.69496100e-16]]

  [[-1.19695920e-16 -7.59808882e-16  1.16605944e-16  4.73579509e-16
     1.34197124e-16  1.14101437e-15]
   [-7.63820431e-16 -2.59449580e-16 -6.42498207e-16  6.01949046e-16
     4.08310538e-16 -7.30752264e-16]
   [ 1.21051173e-16 -6.41197165e-16  5.20417043e-18 -8.67361738e-18
    -1.51435938e-16 -8.59772323e-16]
   [ 4.75314232e-16  6.01949046e-16 -1.73472348e-17 -7.97972799e-16
    -9.24234918e-16  1.09287579e-16]
   [ 1.32462400e-16  4.07443176e-16 -1.50297526e-16 -9.27704365e-16
    -7.19910243e-16  5.80698684e-16]
   [ 1.15966264e-15 -7.30318583e-16 -8.60856525e-16  1.11022302e-16
     5.78096598e-16 -6.64941192e-16]]

  [[-8.29197822e-16 -4.30048792e-16 -8.66060695e-16  5.40366363e-16
    -1.86916455e-16  8.02553553e-16]
   [-4.33301398e-16  2.67147415e-16  1.87350135e-16 -8.67361738e-18
     2.07502743e-16  5.39065320e-16]
   [-8.65193334e-16  1.88163287e-16  2.98372438e-16 -9.40220124e-16
     4.07226336e-16  5.66929316e-16]
   [ 5.34294831e-16 -1.38777878e-17 -9.36750677e-16  2.60208521e-16
    -6.99581452e-16  5.98479599e-17]
   [-1.86265933e-16  2.04954868e-16  4.10912623e-16 -6.99418821e-16
     1.80411242e-16 -1.56474090e-16]
   [ 7.95939920e-16  5.38631639e-16  5.70398763e-16  5.98479599e-17
    -1.58046184e-16  2.67147415e-16]]

  [[ 4.16333634e-16  3.26995375e-16 -6.85215773e-17  1.13103971e-15
    -9.41954847e-16 -9.93129190e-17]
   [ 3.18321758e-16  9.15933995e-16  1.18449087e-16 -8.20524204e-16
     7.38992201e-16  1.96023753e-16]
   [-7.19910243e-17  1.21918534e-16  2.49800181e-16  2.35922393e-16
     7.26849136e-16 -8.01279616e-16]
   [ 1.13103971e-15 -8.32667268e-16  2.35922393e-16  5.27355937e-16
     1.23165367e-16 -5.20417043e-18]
   [-9.45424294e-16  7.38992201e-16  7.26849136e-16  1.24900090e-16
    -1.94289029e-16 -6.27969898e-16]
   [-9.41087486e-17  2.09901541e-16 -7.99544892e-16  1.56125113e-17
    -6.29704622e-16 -3.88578059e-16]]

  [[-4.85722573e-16  1.31784774e-16 -4.17309416e-16  4.82027816e-16
    -4.82144706e-16 -3.26995375e-16]
   [ 1.36284213e-16 -1.50573998e-15  1.49847582e-15 -9.23503082e-16
     4.24166995e-16  2.96204034e-16]
   [-4.16550475e-16  1.49527743e-15 -1.67921232e-15 -6.97250417e-16
     4.21754645e-16  2.22825230e-15]
   [ 4.88505924e-16 -9.27623050e-16 -6.96383055e-16  1.42247325e-16
    -1.42247325e-16  1.32003309e-16]
   [-4.82361547e-16  4.27419601e-16  4.27771967e-16 -1.42247325e-16
    -6.17561557e-16  4.58942780e-16]
   [-3.28513258e-16  2.95336672e-16  2.22998703e-15  1.30702266e-16
     4.60569083e-16  3.64291930e-16]]

  [[ 5.96744876e-16 -3.67652957e-16  9.01188846e-16 -6.63531730e-17
     7.01722751e-16  5.79343431e-16]
   [-3.66894015e-16  2.81892565e-16 -9.73071450e-16  1.28369537e-16
     2.49366500e-16 -3.36970035e-16]
   [ 8.99670963e-16 -9.70252524e-16  2.44596010e-16  7.11236625e-17
    -4.20941493e-16 -3.42824727e-16]
   [-6.96057795e-17  1.16226473e-16  6.41847686e-17 -2.25514052e-17
     1.42249019e-16  1.08420217e-16]
   [ 7.02278405e-16  2.41126563e-16 -4.16821525e-16  1.33360255e-16
    -7.18175519e-16  1.05384451e-16]
   [ 5.78259229e-16 -3.37186876e-16 -3.47378376e-16  1.08420217e-16
     1.08637058e-16  3.71230824e-16]]]


 [[[ 1.05124243e-15  6.02816408e-17  2.37840075e-16 -7.98298060e-16
    -3.64291930e-17 -7.34113291e-16]
   [ 5.96311195e-17 -1.83880688e-16  1.59263878e-15  1.32150692e-16
     3.32199546e-16  1.17744356e-16]
   [ 2.37386066e-16  1.59052459e-15 -3.26128013e-16 -1.86482774e-16
    -7.12971349e-16  8.22258928e-16]
   [-7.97755959e-16  1.34535937e-16 -1.86699614e-16 -9.38485401e-16
    -4.84421531e-16  7.07929809e-16]
   [-3.81639165e-17  3.31332184e-16 -7.14706072e-16 -4.80084722e-16
    -2.84494650e-16  1.21192119e-15]
   [-7.34763812e-16  1.20780122e-16  8.23776811e-16  7.05151540e-16
     1.20910226e-15  1.69655956e-15]]

  [[-6.17561557e-16  1.70870262e-16 -3.32036915e-15 -1.53758842e-15
     3.33066907e-16 -9.49408737e-16]
   [ 1.68810278e-16 -9.62771529e-16 -2.87855677e-16  4.05274772e-16
     2.74086309e-16  1.03812358e-15]
   [-3.31738760e-15 -2.86229374e-16  1.15359111e-15  2.11067058e-16
    -8.37871439e-16 -1.19262239e-16]
   [-1.53926893e-15  4.01805325e-16  2.08248132e-16  7.42461648e-16
     4.28476699e-16  2.45463372e-16]
   [ 3.29597460e-16  2.65412692e-16 -8.43075609e-16  4.25549353e-16
     4.33680869e-16 -5.20417043e-16]
   [-9.51644904e-16  1.03725622e-15 -1.22298005e-16  2.44596010e-16
    -5.18682319e-16  1.48318857e-16]]

  [[ 2.60208521e-16 -8.05779055e-16  4.18285198e-16  3.24610130e-16
    -7.10369263e-16 -7.38341679e-17]
   [-8.02309608e-16  1.37043155e-16  3.73941329e-16 -1.45987823e-16
    -8.51749227e-16  2.34567140e-16]
   [ 4.20019922e-16  3.67869797e-16 -6.29704622e-16  4.02347426e-16
     1.03736464e-15 -2.40042361e-16]
   [ 3.23851189e-16 -1.49186219e-16  4.06467394e-16  7.25114413e-16
     4.25874613e-16 -4.20426497e-16]
   [-7.12103987e-16 -8.51749227e-16  1.03042574e-15  4.27121446e-16
    -4.85722573e-17 -6.87817858e-16]
   [-7.16657636e-17  2.44975481e-16 -2.39608680e-16 -4.18312303e-16
    -6.86950496e-16 -1.07032438e-15]]

  [[-4.85722573e-16  1.31784774e-16 -4.17309416e-16  4.82027816e-16
    -4.82144706e-16 -3.26995375e-16]
   [ 1.36284213e-16 -1.50573998e-15  1.49847582e-15 -9.23503082e-16
     4.24166995e-16  2.96204034e-16]
   [-4.16550475e-16  1.49527743e-15 -1.67921232e-15 -6.97250417e-16
     4.21754645e-16  2.22825230e-15]
   [ 4.88505924e-16 -9.27623050e-16 -6.96383055e-16  1.42247325e-16
    -1.42247325e-16  1.32003309e-16]
   [-4.82361547e-16  4.27419601e-16  4.27771967e-16 -1.42247325e-16
    -6.17561557e-16  4.58942780e-16]
   [-3.28513258e-16  2.95336672e-16  2.22998703e-15  1.30702266e-16
     4.60569083e-16  3.64291930e-16]]

  [[ 7.49400542e-16  1.58163413e-15  8.50014503e-16  7.18175519e-16
    -2.94902991e-16 -6.89335741e-16]
   [ 1.57989941e-15 -1.13797860e-15  1.83295219e-15 -7.30318583e-16
     4.35415592e-16  2.15105711e-16]
   [ 8.46545056e-16  1.83989109e-15 -1.11022302e-15  1.70002901e-16
    -5.20417043e-17  1.91231579e-15]
   [ 7.04297731e-16 -7.47665818e-16  1.76941795e-16 -1.94289029e-16
    -6.10622664e-16 -6.93889390e-16]
   [-2.81025203e-16  4.28476699e-16 -4.16333634e-17 -6.10622664e-16
    -7.49400542e-16  8.95117314e-16]
   [-6.89335741e-16  2.11636264e-16  1.92619358e-15 -6.92154667e-16
     8.95117314e-16  6.10622664e-16]]

  [[-4.52762827e-16  4.45715513e-16 -2.95531828e-15 -6.00539583e-16
     1.20845174e-15 -2.35114662e-15]
   [ 4.43438689e-16 -1.00440489e-15  2.05347891e-16  5.74843992e-16
    -4.99600361e-16  2.29417180e-16]
   [-2.95716143e-15  2.04046849e-16  6.19296281e-16 -1.62504965e-16
    -6.82613688e-16  1.48665802e-15]
   [-6.00580241e-16  5.77229237e-16 -1.59689427e-16 -6.41847686e-16
     4.58346468e-16  1.01698164e-16]
   [ 1.21083699e-15 -5.01335085e-16 -6.84348411e-16  4.58888570e-16
     8.98586761e-16 -1.57946572e-15]
   [-2.34225616e-15  2.29417180e-16  1.49186219e-15  1.02131845e-16
    -1.57686364e-15  3.90312782e-16]]]


 [[[-3.40005801e-16 -1.70870262e-16  1.21430643e-16 -6.67658474e-16
    -7.32053307e-16  2.22478286e-16]
   [-1.68268177e-16 -1.18568350e-15 -1.23729152e-15  1.14199015e-15
    -9.42808657e-16 -1.83880688e-16]
   [ 1.23165367e-16 -1.23425575e-15  9.82585324e-16  7.99463577e-16
    -6.76542156e-17  2.53703308e-16]
   [-6.69332211e-16  1.14741116e-15  7.97173200e-16 -9.08561421e-17
    -3.23688559e-16  5.71266125e-16]
   [-7.35089073e-16 -9.53488048e-16 -6.72205347e-17 -3.27971157e-16
    -6.88034699e-16 -2.34601021e-15]
   [ 2.11202583e-16 -1.88217497e-16  2.49041239e-16  5.82108146e-16
    -2.34506154e-15 -1.82145965e-16]]

  [[-4.30211422e-16 -2.94902991e-16  8.06646416e-17  1.45066251e-16
     1.15413321e-16 -1.91686944e-16]
   [-2.94035629e-16  7.07767178e-16  9.26342336e-16 -7.32053307e-16
     1.04115935e-15  3.74700271e-16]
   [ 7.97972799e-17  9.24607613e-16 -1.75207071e-16  5.36029554e-16
     2.40584462e-16  5.37764278e-16]
   [ 1.47451495e-16 -7.31619626e-16  5.33861150e-16  2.08166817e-16
     2.94035629e-16 -3.37620557e-16]
   [ 1.15467531e-16  1.03768990e-15  2.44541800e-16  2.92734587e-16
     1.57859836e-16  2.35055031e-16]
   [-1.88217497e-16  3.81639165e-16  5.39499001e-16 -3.37403716e-16
     2.32886627e-16 -5.13478149e-16]]

  [[-2.96637714e-16 -4.66640615e-16 -2.65846373e-16 -5.71862436e-16
     8.13151629e-16  2.89698820e-16]
   [-4.66640615e-16 -3.92047506e-16  1.22731686e-15 -8.62157568e-16
    -1.19479079e-16  6.34908792e-16]
   [-2.67147415e-16  1.22644950e-15 -1.30451205e-15  5.57822018e-16
    -2.47848617e-16  2.12503626e-15]
   [-5.73542949e-16 -8.60422844e-16  5.60857784e-16 -7.14218181e-16
     2.22781862e-15 -3.44125770e-16]
   [ 8.16621076e-16 -1.22948526e-16 -2.45463372e-16  2.22868599e-15
     1.98842678e-15  1.48904326e-15]
   [ 2.80699942e-16  6.36643516e-16  2.12503626e-15 -3.44125770e-16
     1.49142851e-15  6.24500451e-17]]

  [[ 5.96744876e-16 -3.67652957e-16  9.01188846e-16 -6.63531730e-17
     7.01722751e-16  5.79343431e-16]
   [-3.66894015e-16  2.81892565e-16 -9.73071450e-16  1.28369537e-16
     2.49366500e-16 -3.36970035e-16]
   [ 8.99670963e-16 -9.70252524e-16  2.44596010e-16  7.11236625e-17
    -4.20941493e-16 -3.42824727e-16]
   [-6.96057795e-17  1.16226473e-16  6.41847686e-17 -2.25514052e-17
     1.42249019e-16  1.08420217e-16]
   [ 7.02278405e-16  2.41126563e-16 -4.16821525e-16  1.33360255e-16
    -7.18175519e-16  1.05384451e-16]
   [ 5.78259229e-16 -3.37186876e-16 -3.47378376e-16  1.08420217e-16
     1.08637058e-16  3.71230824e-16]]

  [[-4.52762827e-16  4.45715513e-16 -2.95531828e-15 -6.00539583e-16
     1.20845174e-15 -2.35114662e-15]
   [ 4.43438689e-16 -1.00440489e-15  2.05347891e-16  5.74843992e-16
    -4.99600361e-16  2.29417180e-16]
   [-2.95716143e-15  2.04046849e-16  6.19296281e-16 -1.62504965e-16
    -6.82613688e-16  1.48665802e-15]
   [-6.00580241e-16  5.77229237e-16 -1.59689427e-16 -6.41847686e-16
     4.58346468e-16  1.01698164e-16]
   [ 1.21083699e-15 -5.01335085e-16 -6.84348411e-16  4.58888570e-16
     8.98586761e-16 -1.57946572e-15]
   [-2.34225616e-15  2.29417180e-16  1.49186219e-15  1.02131845e-16
    -1.57686364e-15  3.90312782e-16]]

  [[ 2.22044605e-16  4.54497551e-16  2.04176953e-15  3.60822483e-16
     1.68268177e-15 -1.41379963e-16]
   [ 4.47558657e-16  1.08246745e-15 -6.93889390e-17 -6.70253783e-16
     1.69135539e-16 -9.71445147e-17]
   [ 2.04697370e-15 -6.93889390e-17 -1.02695630e-15  2.56739074e-16
    -1.07205911e-15 -3.26128013e-16]
   [ 3.76434994e-16 -6.61580166e-16  2.60208521e-16 -6.38378239e-16
     3.86843335e-16  3.81639165e-16]
   [ 1.66359981e-15  1.60461922e-16 -1.08593690e-15  3.90312782e-16
     4.44089210e-16  3.86843335e-16]
   [-1.48318857e-16 -9.71445147e-17 -3.33066907e-16  3.94649591e-16
     3.85108612e-16 -1.08246745e-15]]]]
The sum of difference: 8.033802267914166e-13
Time taken: 24.99 mins
