The number of orbitals is 6
Google yields: 20
Using gradient: True
Using alpha = 9
Sum of square is 2.0183194787523958e-28
The solution is
[ 7.74283617e-02  3.17939981e-02 -5.64910343e-02  7.04210224e-02
  3.66748500e-02  5.04878191e-02  1.81287392e-02 -6.27877141e-02
  5.91473028e-02  1.87389755e-02  2.54229499e-02 -6.67470938e-03
 -5.91610094e-03  3.32094873e-02 -2.68368793e-02  4.50537837e-02
  6.01565499e-02  5.32606695e-02  7.94651144e-03  4.34148353e-02
  2.61517596e-02  5.56123258e+00  5.96128063e+00  1.29186359e+00
  5.16135658e-01  3.13154738e+00  2.69767973e+00  5.25573261e+00
  6.01622859e+00  4.50358756e+00  2.50108864e+00  2.18469793e+00
  3.21927714e+00  3.06570336e+00  4.10221788e+00  1.33528746e+00
 -4.59877885e-02 -1.01812066e-01 -1.71840170e-02  2.22636261e-02
  1.01018950e-02  1.10358456e-02  3.38175415e-01 -6.01378977e-02
  5.02632568e-02 -5.66938958e-02 -3.52731655e-02  6.60943805e-02
  3.27684366e-02  2.37951271e-02  2.33909554e-02 -1.30615464e-01
  7.91796971e-02  7.60530908e-02  1.27255333e-01  4.95866122e-02
  3.64718000e-02  3.68052341e+00  5.52997033e+00  4.90177998e-01
  3.01646819e+00  2.56940170e+00  3.78230313e+00  4.15284634e+00
  2.98340883e+00  2.22459986e+00  4.93083153e+00  5.34255952e+00
  5.62428009e+00  2.38932734e-01 -4.56703568e-01  8.42306725e-01
 -4.73098095e-02  4.19744280e-02  2.28928287e-02 -1.95535490e-02
 -2.87606685e-03  5.67921024e-02  7.67888883e-02  2.32030659e-02
  1.47538674e-02  6.12880558e-02  8.16913667e-02 -1.24745065e-02
 -4.32619691e-02  1.43990004e-02  4.03447099e-02 -8.16224253e-04
 -1.70407347e-03 -2.56121292e-03  4.13855412e-02  8.11230001e-02
  7.26517338e-02 -1.82532826e-02  5.03788715e+00  1.46234147e+00
  4.08939296e+00  7.73463151e-01  1.52279851e+00  3.85147736e+00
  3.26299715e+00  6.56805220e-01  2.89220896e+00  5.07949931e+00
  5.50717655e+00  3.33378096e+00  6.00384621e+00  1.33241224e+00
  1.35340402e-01  6.75596785e-02  5.50755513e-02  3.05829475e-02
  7.01571913e-02  3.16760155e-02  6.16694585e-02  2.22800460e-02
  2.35030770e-02  5.69609653e-02 -6.86983864e-03  1.19950849e-02
 -5.10305276e-03 -8.67071594e-03 -3.01556716e-02  5.81457818e-02
 -1.14178442e-02 -1.87215102e-02  3.99779630e-02 -3.65941029e-02
 -4.86602504e-02  5.50022982e+00  4.13581094e-01  5.67030612e+00
 -3.04426313e-01  2.59153551e+00  6.17360676e+00  1.03540715e+00
  1.15232800e+00  3.30307488e+00  3.35001351e+00  1.01410326e+00
  2.51482389e+00  4.60957486e+00  2.10827667e+00  4.95017736e+00
  3.11597184e-02 -1.09523889e-03  5.25138869e-02 -1.50808348e-02
  4.55571698e-02  1.13954346e-02 -3.37606144e-02  1.70247261e-02
  2.74268506e-02  3.05596041e-02 -2.77217613e-02  8.64595780e-02
  4.31787237e-02  8.78379202e-02  3.26888093e-02 -1.61076882e-02
  1.08060543e-02 -7.84826544e-03  8.30297432e-02  3.17614085e-02
  8.94595154e-03  7.12884458e-01  3.75825369e+00  2.01968489e+00
  8.66925268e-01  5.98053729e+00  6.37706469e+00  2.30657378e+00
  5.78619068e+00  1.44871441e+00  4.78269798e+00  6.29029206e+00
  3.48567737e+00  6.05360297e+00  2.54451384e+00  3.14954657e+00
  3.51861138e-02  1.13021930e-02  3.22157616e-03  4.23706524e-02
 -1.35695707e-03  2.13771324e-02  7.54589099e-03 -7.77940020e-04
  1.79271527e-02  1.13823470e-02  3.59478503e-02  1.42982343e-02
  2.72414704e-02  1.90173891e-03  2.39242059e-02  4.45411097e-02
  3.39839958e-02  5.21771101e-02  2.11800551e-02  3.19624274e-02
  6.33948177e-02  3.38924892e+00  3.35671880e+00  2.63502389e+00
  3.90065829e+00  4.61367549e+00  4.29360779e+00  4.98185331e-01
  1.16154596e+00  3.69777794e+00  6.03622731e+00  5.99209382e+00
  4.93661765e-02  2.78040201e+00  3.64832996e+00  1.65947075e+00
 -3.78593689e-04  9.89744407e-03  8.55469133e-03 -2.08213151e-03
  4.92739999e-02 -9.50101908e-02 -1.29794507e-02  3.26549260e-02
  1.60029511e-02  6.31995661e-02 -9.35901001e-02  5.73828905e-02
  2.57196116e-02  5.92746337e-02 -6.05631420e-02  1.73884102e-02
  4.99359088e-02 -5.30241256e-02  9.05187686e-02 -2.98318658e-02
  3.66386976e-01  4.71798256e+00  1.65004314e+00  4.74114894e+00
  1.40925681e+00  5.72881012e+00  6.10081560e+00  4.40532498e+00
  3.78423996e+00  2.97151848e+00  6.09890913e+00  1.46916560e+00
  3.46674325e+00  6.10750045e+00  1.27768505e+00  3.74163984e+00
 -5.15538186e-03 -5.72655501e-02  4.49127275e-02  9.73194562e-03
  5.81785247e-02 -9.20052440e-03 -2.33928433e-02 -8.83238393e-03
 -3.79590198e-02  6.57886035e-04 -3.34935060e-02 -4.39541251e-03
  5.53091721e-02  9.22214481e-02  3.87482807e-02  4.77270081e-02
  7.81202889e-02  4.16478324e-02  1.28504842e-01  5.12697455e-02
  3.13960962e-02  4.36663095e+00  4.43541977e+00  5.46305190e+00
  4.66865516e+00  5.86909976e+00  1.69380180e+00  6.70710582e-01
  4.92066077e+00  4.97598515e+00  7.32719903e-01  4.70078275e+00
  5.16427366e+00  1.50352941e+00  1.78771899e+00  5.76692907e+00
 -1.11519151e-01 -1.98267113e-02 -6.67459936e-02 -4.60103780e-02
  6.79350990e-03 -9.18256208e-02  3.63516353e-02  4.28585866e-02
  5.32978095e-02  8.07886034e-02  1.04627754e-02  3.07690363e-02
  4.17858348e-02  9.92020053e-02 -1.32578016e-02 -6.94552656e-03
  1.14244381e-01  1.28753765e-02  3.01734106e-01  5.04590482e-02
 -2.67603490e-02  1.94366301e+00  1.12696583e+00  6.82715691e+00
  4.52153985e+00  4.93751098e+00  2.15401721e+00  4.20752709e+00
  2.98193844e+00  5.23252977e+00  4.97500267e+00  1.38218199e+00
  2.57181865e+00  1.06088555e+00  5.04737795e+00  6.18562228e-01]
The difference is
[[[[ 2.22044605e-16  0.00000000e+00  1.11022302e-16  3.05311332e-16
     6.93889390e-18 -1.11022302e-16]
   [ 1.38777878e-17  1.16573418e-15  1.23165367e-16 -3.29597460e-16
    -2.75821033e-16  2.91433544e-16]
   [ 1.11022302e-16  1.19695920e-16 -1.94289029e-16  1.04083409e-16
     5.20417043e-17 -2.23779328e-16]
   [ 3.05311332e-16 -3.40005801e-16  1.00613962e-16  1.94289029e-16
    -1.73472348e-17 -1.56125113e-17]
   [ 6.93889390e-18 -2.67147415e-16  4.85722573e-17 -1.73472348e-17
    -1.38777878e-16 -6.85215773e-17]
   [-1.11022302e-16  2.84494650e-16 -2.23779328e-16 -1.04083409e-17
    -7.11236625e-17 -6.10622664e-16]]

  [[ 1.38777878e-17 -4.64905892e-16 -1.21430643e-17 -2.97938757e-16
     3.44342610e-16 -7.32053307e-16]
   [-4.68375339e-16 -5.20417043e-18 -1.80844922e-16 -4.06358974e-16
    -2.46547574e-16 -1.40512602e-16]
   [-1.30104261e-17 -1.80411242e-16 -8.32667268e-17 -6.74373751e-16
    -4.64038530e-17  1.89084859e-16]
   [-2.98372438e-16 -4.05057932e-16 -6.74373751e-16  9.54097912e-17
     2.53052787e-16 -1.59160879e-16]
   [ 3.42607887e-16 -2.46547574e-16 -4.61870125e-17  2.49800181e-16
    -3.46077333e-16 -1.85073311e-16]
   [-7.32053307e-16 -1.40512602e-16  1.89084859e-16 -1.56992475e-16
    -1.85506992e-16  3.59087760e-16]]

  [[ 9.71445147e-17 -1.21430643e-17 -2.77555756e-16  4.11346304e-16
    -4.11996826e-17  2.20309881e-16]
   [-1.30104261e-17  3.93782229e-16  1.21430643e-17  3.71230824e-16
    -3.08130257e-16  1.68268177e-16]
   [-2.77555756e-16  1.21430643e-17  4.46257614e-16 -2.50667542e-16
    -1.42897846e-16 -1.57426155e-16]
   [ 4.13081028e-16  3.71664505e-16 -2.51534904e-16 -1.60461922e-16
    -3.21791205e-16  5.58797800e-16]
   [-4.16333634e-17 -3.06612374e-16 -1.40729442e-16 -3.21113578e-16
    -1.89084859e-16 -6.45208713e-16]
   [ 2.19442520e-16  1.70002901e-16 -1.56992475e-16  5.56195714e-16
    -6.44558192e-16 -6.64399091e-16]]

  [[ 3.08780779e-16 -2.97071395e-16  4.09394740e-16 -3.37403716e-16
    -4.36608215e-16 -3.48787839e-16]
   [-2.97505076e-16  3.53883589e-16  5.08707659e-16  5.29090660e-17
     1.44632570e-16 -1.20129601e-16]
   [ 4.10478943e-16  5.10008702e-16 -2.08166817e-17 -3.54750951e-16
     2.99022959e-16 -1.84314369e-16]
   [-3.37403716e-16  5.46437895e-17 -3.56485674e-16 -4.68375339e-17
    -7.81926607e-16 -4.65556413e-16]
   [-4.36933476e-16  1.44415729e-16  3.00215582e-16 -7.81276085e-16
    -3.81639165e-16 -3.21140683e-16]
   [-3.48570998e-16 -1.20780122e-16 -1.83880688e-16 -4.66423775e-16
    -3.21357524e-16  2.33320308e-16]]

  [[ 6.93889390e-18  3.40873163e-16 -4.68375339e-17 -4.36879265e-16
     1.65666092e-16 -1.99059519e-16]
   [ 3.40873163e-16 -2.18575158e-16  6.39679282e-16 -5.88938620e-16
     2.44596010e-16  1.84314369e-17]
   [-4.59701721e-17  6.39679282e-16 -7.91033905e-16  4.16333634e-17
    -7.80625564e-17  1.26287869e-15]
   [-4.36228744e-16 -5.88504939e-16  4.09828421e-17  3.81639165e-17
    -6.72205347e-18 -7.78674000e-16]
   [ 1.66533454e-16  2.43728648e-16 -7.71951947e-17 -7.15573434e-18
     5.65519853e-16  7.78457160e-17]
   [-1.98625838e-16  1.86482774e-17  1.26266185e-15 -7.79975043e-16
     7.71951947e-17  1.04083409e-16]]

  [[ 6.93889390e-18 -7.53737350e-16  1.98625838e-16 -3.47053115e-16
    -2.00360561e-16 -6.69603262e-16]
   [-7.53737350e-16  2.14238349e-16  1.50487262e-16 -4.15899953e-16
    -8.35052513e-16  2.86229374e-16]
   [ 1.96891115e-16  1.49619900e-16  3.12629696e-16 -2.33970829e-16
     2.10335221e-17 -4.90709903e-16]
   [-3.47378376e-16 -4.15249432e-16 -2.32886627e-16  7.98189639e-16
     1.37129891e-15  6.27644638e-16]
   [-1.99059519e-16 -8.35703035e-16  2.05998413e-17  1.37129891e-15
    -3.22008045e-16 -1.34441069e-17]
   [-6.73072709e-16  2.84494650e-16 -4.90926744e-16  6.28728840e-16
    -1.39862080e-17 -5.01335085e-16]]]


 [[[-1.38777878e-17 -4.57966998e-16 -1.12757026e-17 -2.97505076e-16
     3.42607887e-16 -7.34655392e-16]
   [-4.57966998e-16 -8.67361738e-18 -1.83013327e-16 -4.01154804e-16
    -2.44812851e-16 -1.34441069e-16]
   [-1.12757026e-17 -1.81712284e-16 -9.02056208e-17 -6.75241113e-16
    -4.85722573e-17  1.90819582e-16]
   [-2.97505076e-16 -4.02455846e-16 -6.75241113e-16  1.09287579e-16
     2.53594888e-16 -1.56558794e-16]
   [ 3.41740525e-16 -2.44379170e-16 -4.72712147e-17  2.53161207e-16
    -3.49546780e-16 -1.85940673e-16]
   [-7.36390116e-16 -1.37910516e-16  1.90819582e-16 -1.58727198e-16
    -1.87133295e-16  3.53883589e-16]]

  [[ 1.19348975e-15 -1.47451495e-17  3.85108612e-16  3.49546780e-16
    -2.15105711e-16  1.97758476e-16]
   [-8.67361738e-19 -2.22044605e-16  3.74700271e-16 -1.45716772e-16
     1.73472348e-18  2.49800181e-16]
   [ 3.83373888e-16  3.81639165e-16  2.22044605e-16 -1.21430643e-17
     6.38378239e-16  3.15719673e-16]
   [ 3.50414142e-16 -1.49186219e-16 -1.21430643e-17 -1.13797860e-15
     4.92661467e-16 -1.83880688e-16]
   [-2.11636264e-16 -1.73472348e-18  6.34908792e-16  4.92661467e-16
    -3.88578059e-16 -3.29597460e-16]
   [ 1.97758476e-16  2.49800181e-16  3.05311332e-16 -1.87350135e-16
    -3.33066907e-16  4.71844785e-16]]

  [[ 1.43765208e-16 -1.87350135e-16  8.02309608e-18  5.12610787e-16
     6.38811920e-16  1.49619900e-16]
   [-1.86482774e-16  3.67761377e-16  3.69496100e-16 -5.83734450e-16
    -5.40800044e-16  1.57859836e-16]
   [ 9.32413868e-18  3.69496100e-16  3.51715185e-16 -2.13370988e-16
     4.64038530e-17  3.06178694e-16]
   [ 5.12177106e-16 -5.84601811e-16 -2.12503626e-16 -2.35651342e-16
     7.58616260e-16 -1.53523028e-16]
   [ 6.40112963e-16 -5.40366363e-16  4.72712147e-17  7.60025723e-16
    -2.42264975e-16 -2.63894809e-16]
   [ 1.48752538e-16  1.61329283e-16  3.05745013e-16 -1.53956708e-16
    -2.64762171e-16 -4.61436445e-16]]

  [[-3.43475248e-16 -4.04624251e-16  3.73399228e-16  5.63785130e-17
    -5.87691788e-16 -4.17417836e-16]
   [-4.02889527e-16 -1.56125113e-16 -5.88071258e-16  2.16840434e-16
    -4.35415592e-16 -8.65193334e-17]
   [ 3.74266590e-16 -5.87203897e-16  1.83880688e-16 -4.77048956e-16
     2.99998741e-16 -3.82506526e-16]
   [ 5.81132364e-17  2.16840434e-16 -4.73579509e-16  3.43475248e-16
    -2.47198095e-16 -5.55111512e-17]
   [-5.87637577e-16 -4.34981912e-16  2.98806119e-16 -2.48065457e-16
    -4.26741975e-16 -1.39211559e-16]
   [-4.16984156e-16 -8.63024929e-17 -3.82072846e-16 -5.55111512e-17
    -1.39211559e-16  2.15105711e-16]]

  [[-2.65412692e-16 -2.42807077e-16 -3.07642366e-16  1.48318857e-16
     2.40259201e-16 -8.34510412e-16]
   [-2.44081014e-16 -8.67361738e-18 -5.42968448e-16 -4.31946146e-16
    -2.81025203e-16  3.19622800e-16]
   [-3.08076047e-16 -5.41233725e-16  4.64905892e-16 -2.88831459e-16
    -2.25514052e-17 -4.79867882e-16]
   [ 1.47234655e-16 -4.34548231e-16 -2.87964097e-16  9.00321484e-16
     1.07552856e-16 -6.41847686e-17]
   [ 2.41126563e-16 -2.81025203e-16 -2.25514052e-17  1.07552856e-16
    -6.96491476e-16 -6.93889390e-18]
   [-8.31799907e-16  3.19622800e-16 -4.80952084e-16 -6.41847686e-17
    -6.93889390e-18 -3.64291930e-17]]

  [[ 2.56739074e-16 -1.37910516e-16  1.72604986e-16 -1.21430643e-16
     1.53956708e-17  2.74953671e-16]
   [-1.37043155e-16  3.19189120e-16  1.07552856e-16 -8.93382590e-17
     3.15285992e-16  0.00000000e+00]
   [ 1.72604986e-16  1.11022302e-16 -3.81639165e-16  3.56051993e-16
    -6.98226199e-17  8.50014503e-17]
   [-1.24683250e-16 -8.47846099e-17  3.55618313e-16 -3.81639165e-17
     1.58727198e-16  7.19910243e-17]
   [ 1.49619900e-17  3.17020715e-16 -7.04731412e-17  1.59160879e-16
     2.84494650e-16 -4.51028104e-17]
   [ 2.73218947e-16  0.00000000e+00  8.67361738e-17  6.98226199e-17
    -4.42354486e-17 -5.96744876e-16]]]


 [[[ 9.71445147e-17 -1.21430643e-17 -2.79290480e-16  4.11779985e-16
    -4.33680869e-17  2.19442520e-16]
   [-1.12757026e-17  3.88578059e-16  1.47451495e-17  3.72098186e-16
    -3.09431300e-16  1.75207071e-16]
   [-2.81025203e-16  1.38777878e-17  4.53196508e-16 -2.50667542e-16
    -1.38127357e-16 -1.56992475e-16]
   [ 4.12430506e-16  3.70363462e-16 -2.49366500e-16 -1.67400815e-16
    -3.22658567e-16  5.59231481e-16]
   [-4.29344060e-17 -3.08780779e-16 -1.38561038e-16 -3.24583025e-16
    -1.89084859e-16 -6.41739266e-16]
   [ 2.17707796e-16  1.71737624e-16 -1.56125113e-16  5.58364119e-16
    -6.42606628e-16 -6.71337985e-16]]

  [[ 1.35091591e-16 -1.88651178e-16  7.15573434e-18  5.13478149e-16
     6.39462441e-16  1.50920942e-16]
   [-1.86916455e-16  3.64291930e-16  3.71230824e-16 -5.83734450e-16
    -5.42101086e-16  1.56125113e-16]
   [ 7.15573434e-18  3.70363462e-16  3.49546780e-16 -2.11636264e-16
     4.81385765e-17  3.09214460e-16]
   [ 5.13044468e-16 -5.84601811e-16 -2.13370988e-16 -2.34783980e-16
     7.60567824e-16 -1.51788304e-16]
   [ 6.40112963e-16 -5.42534767e-16  4.85722573e-17  7.60567824e-16
    -2.47469146e-16 -2.62160085e-16]
   [ 1.50487262e-16  1.59594560e-16  3.09214460e-16 -1.51354623e-16
    -2.63461128e-16 -4.64905892e-16]]

  [[-1.11022302e-16 -8.32667268e-17  4.39101880e-16 -2.16840434e-17
    -7.91033905e-16  2.97071395e-16]
   [-8.32667268e-17  2.08166817e-16  3.93348548e-16  1.66533454e-16
     4.54497551e-16 -3.57353036e-16]
   [ 4.32162986e-16  3.86409654e-16 -4.44089210e-16  2.60208521e-17
     1.76941795e-16  4.47558657e-16]
   [-2.34187669e-17  1.66533454e-16  2.42861287e-17 -3.88578059e-16
     4.51028104e-16 -1.92554306e-16]
   [-7.87564458e-16  4.59701721e-16  1.70002901e-16  4.51028104e-16
     0.00000000e+00  1.97758476e-16]
   [ 3.01408204e-16 -3.40005801e-16  4.44089210e-16 -1.99493200e-16
     1.90819582e-16  5.41233725e-16]]

  [[ 1.04083409e-16 -6.75241113e-16 -2.53269627e-16 -3.59087760e-16
     4.14165230e-17 -2.30718222e-16]
   [-6.76108475e-16 -6.93889390e-18 -2.11636264e-16 -4.75314232e-16
    -2.88397778e-16  3.52148866e-16]
   [-2.52402266e-16 -2.09901541e-16  2.73218947e-17  2.98372438e-16
     9.88792381e-17  3.95516953e-16]
   [-3.57353036e-16 -4.75314232e-16  2.98372438e-16  2.39825521e-16
     5.77662918e-16  7.89299182e-17]
   [ 4.29344060e-17 -2.87096735e-16  1.00613962e-16  5.75928194e-16
     1.34007389e-16 -5.50774704e-16]
   [-2.32669786e-16  3.53883589e-16  3.96384314e-16  7.97972799e-17
    -5.51425225e-16 -4.25224092e-16]]

  [[ 4.85722573e-17 -4.96564595e-17 -1.37476835e-16  3.02438196e-16
    -7.89299182e-17  2.23345648e-17]
   [-4.70543743e-17  6.38378239e-16  4.77048956e-17  3.01516624e-16
    -2.60208521e-17 -6.89552582e-17]
   [-1.37476835e-16  4.77048956e-17  1.66533454e-16  9.67108338e-17
     2.63677968e-16  2.47198095e-16]
   [ 2.99185589e-16  3.02383986e-16  9.67108338e-17  2.35922393e-16
    -2.87259366e-16 -6.32089867e-17]
   [-8.06646416e-17 -2.42861287e-17  2.63677968e-16 -2.87259366e-16
    -3.01841885e-16 -8.67361738e-17]
   [ 1.96240593e-17 -6.88468380e-17  2.47198095e-16 -6.50521303e-17
    -8.93382590e-17 -5.44703171e-16]]

  [[-2.72351586e-16  2.16840434e-16 -1.53089347e-16 -1.83230167e-16
     1.26374605e-15 -4.76723695e-16]
   [ 2.15973073e-16  3.05311332e-16  3.46077333e-16 -3.85108612e-16
    -4.79867882e-16  1.49186219e-16]
   [-1.53089347e-16  3.46077333e-16  4.96130914e-16  3.96817995e-16
     2.44596010e-16 -3.24393290e-16]
   [-1.84097529e-16 -3.83807569e-16  3.98986399e-16 -3.43421038e-17
     5.71157704e-16  9.36750677e-17]
   [ 1.26417973e-15 -4.80952084e-16  2.45463372e-16  5.71808226e-16
    -1.39076034e-16  2.08383658e-16]
   [-4.75856334e-16  1.50920942e-16 -3.24393290e-16  9.38919081e-17
     2.07949977e-16 -3.53883589e-16]]]


 [[[ 3.05311332e-16 -2.97071395e-16  4.09177900e-16 -3.35668993e-16
    -4.36066114e-16 -3.48028897e-16]
   [-2.95770353e-16  3.53016227e-16  5.10876064e-16  5.29090660e-17
     1.45499932e-16 -1.18178037e-16]
   [ 4.10262102e-16  5.10442383e-16 -2.51534904e-17 -3.54750951e-16
     3.00324002e-16 -1.82362805e-16]
   [-3.35668993e-16  5.46437895e-17 -3.54750951e-16 -4.85722573e-17
    -7.82360288e-16 -4.67291136e-16]
   [-4.37041896e-16  1.46150453e-16  3.01299784e-16 -7.81276085e-16
    -3.81639165e-16 -3.22224886e-16]
   [-3.48462578e-16 -1.17744356e-16 -1.82362805e-16 -4.68158498e-16
    -3.22224886e-16  2.31585584e-16]]

  [[-3.57353036e-16 -4.02455846e-16  3.68628739e-16  5.46437895e-17
    -5.87637577e-16 -4.16550475e-16]
   [-4.02455846e-16 -1.56125113e-16 -5.84601811e-16  2.15105711e-16
    -4.37150316e-16 -8.58688121e-17]
   [ 3.70363462e-16 -5.87203897e-16  1.73472348e-16 -4.73579509e-16
     3.00540842e-16 -3.83807569e-16]
   [ 5.46437895e-17  2.06432094e-16 -4.73579509e-16  3.36536354e-16
    -2.50667542e-16 -5.72458747e-17]
   [-5.87366527e-16 -4.35849273e-16  2.99348220e-16 -2.50667542e-16
    -4.26741975e-16 -1.39862080e-16]
   [-4.16550475e-16 -8.58688121e-17 -3.85108612e-16 -5.37764278e-17
    -1.38994719e-16  2.18575158e-16]]

  [[ 1.02348685e-16 -6.76542156e-16 -2.49800181e-16 -3.59087760e-16
     4.05491613e-17 -2.32886627e-16]
   [-6.77843198e-16 -1.12757026e-17 -2.10768902e-16 -4.77048956e-16
    -2.88180937e-16  3.53883589e-16]
   [-2.48932819e-16 -2.09901541e-16  3.07913417e-17  2.98372438e-16
     9.75781955e-17  3.94649591e-16]
   [-3.59087760e-16 -4.77048956e-16  2.94902991e-16  2.36789754e-16
     5.77662918e-16  7.80625564e-17]
   [ 4.29344060e-17 -2.86879895e-16  9.90960786e-17  5.76795556e-16
     1.33573708e-16 -5.52401007e-16]
   [-2.33753988e-16  3.54750951e-16  3.94649591e-16  7.80625564e-17
    -5.52617847e-16 -4.24573571e-16]]

  [[ 1.94289029e-16  1.18828558e-16 -1.72604986e-16 -4.59701721e-17
     3.81639165e-17  8.06646416e-16]
   [ 1.08420217e-16 -1.11022302e-15 -2.09901541e-16  3.46944695e-16
     8.98586761e-16  1.04083409e-17]
   [-1.65666092e-16 -2.09901541e-16 -2.77555756e-16  2.34187669e-16
     2.39391840e-16 -1.18828558e-16]
   [-4.85722573e-17  3.43475248e-16  2.32452946e-16  1.38777878e-15
    -3.12250226e-17  1.20216337e-15]
   [ 4.16333634e-17  9.03790931e-16  2.46330734e-16 -3.81639165e-17
     1.05471187e-15  8.02309608e-16]
   [ 8.06646416e-16  6.93889390e-18 -1.25333771e-16  1.20216337e-15
     8.09248502e-16 -3.60822483e-16]]

  [[-1.38777878e-17  2.51209643e-16 -3.24447500e-16 -7.81926607e-16
    -1.51788304e-18  1.37053997e-15]
   [ 2.50125441e-16  4.85722573e-16  7.59863093e-16 -2.55004351e-16
     1.00613962e-16  1.57859836e-16]
   [-3.21845415e-16  7.60350984e-16  4.51028104e-16  5.81132364e-16
    -2.88180937e-16  5.70940864e-16]
   [-7.81926607e-16 -2.55004351e-16  5.79397641e-16 -4.16333634e-17
     2.63677968e-16 -5.75928194e-16]
   [-3.03576608e-18  1.00613962e-16 -2.87205155e-16  2.60208521e-16
    -3.85108612e-16 -1.08203377e-16]
   [ 1.37032313e-15  1.59594560e-16  5.71808226e-16 -5.75277673e-16
    -1.08637058e-16 -7.94503352e-16]]

  [[-5.20417043e-18 -1.60461922e-16  5.54244151e-16 -4.60785923e-16
    -7.81709766e-16  6.31439345e-16]
   [-1.59594560e-16 -1.94289029e-16 -1.52655666e-16 -4.51028104e-17
    -6.54858112e-17  7.17741838e-17]
   [ 5.53376789e-16 -1.53089347e-16 -2.04697370e-16  8.76035355e-17
    -5.84384971e-17  9.06393016e-17]
   [-4.64038530e-16 -4.85722573e-17  8.67361738e-17  1.19175503e-15
    -5.80698684e-16 -3.72965547e-17]
   [-7.82143447e-16 -6.37510877e-17 -5.39932682e-17 -5.77229237e-16
    -1.73472348e-16 -2.42861287e-17]
   [ 6.31439345e-16  7.11236625e-17  8.67361738e-17 -3.38271078e-17
    -2.49366500e-17 -4.78783679e-16]]]


 [[[ 1.38777878e-17  3.39138440e-16 -4.85722573e-17 -4.35415592e-16
     1.73472348e-16 -1.99276359e-16]
   [ 3.39138440e-16 -2.11636264e-16  6.43148729e-16 -5.88721780e-16
     2.44596010e-16  1.45283091e-17]
   [-4.85722573e-17  6.44449771e-16 -7.87564458e-16  4.13081028e-17
    -7.54604712e-17  1.26287869e-15]
   [-4.36066114e-16 -5.87637577e-16  4.13081028e-17  4.16333634e-17
    -6.28837260e-18 -7.78782420e-16]
   [ 1.73472348e-16  2.44596010e-16 -7.54604712e-17 -3.03576608e-18
     5.72458747e-16  7.43762690e-17]
   [-1.98625838e-16  1.64798730e-17  1.26352921e-15 -7.78240319e-16
     7.37257477e-17  1.12757026e-16]]

  [[-2.60208521e-16 -2.46005473e-16 -3.09160249e-16  1.47885176e-16
     2.41993925e-16 -8.34076731e-16]
   [-2.45138111e-16 -1.21430643e-17 -5.41233725e-16 -4.32813507e-16
    -2.82759927e-16  3.17888077e-16]
   [-3.09593930e-16 -5.39065320e-16  4.68375339e-16 -2.89915661e-16
    -2.08166817e-17 -4.80952084e-16]
   [ 1.48752538e-16 -4.36282954e-16 -2.89048299e-16  9.00321484e-16
     1.08420217e-16 -6.46184495e-17]
   [ 2.41993925e-16 -2.81025203e-16 -2.25514052e-17  1.06685494e-16
    -6.98226199e-16 -8.67361738e-18]
   [-8.32342008e-16  3.19622800e-16 -4.81602605e-16 -6.37510877e-17
    -8.67361738e-18 -3.46944695e-17]]

  [[ 3.81639165e-17 -4.87890978e-17 -1.36826314e-16  3.01299784e-16
    -7.71951947e-17  2.41777084e-17]
   [-4.44522891e-17  6.34908792e-16  4.98732999e-17  2.99456640e-16
    -2.60208521e-17 -6.93889390e-17]
   [-1.36826314e-16  4.77048956e-17  1.68268177e-16  9.60603125e-17
     2.63677968e-16  2.47848617e-16]
   [ 2.99131379e-16  3.02167145e-16  9.82287168e-17  2.41126563e-16
    -2.86717265e-16 -6.24500451e-17]
   [-7.97972799e-17 -2.42861287e-17  2.63677968e-16 -2.84982541e-16
    -2.98372438e-16 -8.67361738e-17]
   [ 2.24429850e-17 -6.86299975e-17  2.47414936e-16 -6.41847686e-17
    -8.84708973e-17 -5.32560107e-16]]

  [[-1.73472348e-17  2.51860165e-16 -3.22983827e-16 -7.81059245e-16
    -3.03576608e-18  1.36923892e-15]
   [ 2.52402266e-16  4.89192020e-16  7.61652026e-16 -2.50667542e-16
     1.01481323e-16  1.55691432e-16]
   [-3.21249104e-16  7.60730454e-16  4.54497551e-16  5.82867088e-16
    -2.87801467e-16  5.71808226e-16]
   [-7.82793969e-16 -2.51534904e-16  5.81132364e-16 -4.16333634e-17
     2.58473798e-16 -5.81132364e-16]
   [-2.60208521e-18  1.02348685e-16 -2.87259366e-16  2.63677968e-16
    -3.85108612e-16 -1.09504419e-16]
   [ 1.36967260e-15  1.56125113e-16  5.71374545e-16 -5.80048162e-16
    -1.11239143e-16 -7.94503352e-16]]

  [[-1.11022302e-16 -3.26128013e-16 -1.81712284e-16 -3.86843335e-16
     5.74193471e-16 -3.28296418e-16]
   [-3.29597460e-16 -3.88578059e-16 -2.25514052e-16 -4.26741975e-16
    -6.97358837e-16  3.43475248e-16]
   [-1.81712284e-16 -2.25514052e-16  1.11022302e-16  1.24900090e-16
    -2.96637714e-16 -1.71737624e-16]
   [-3.83373888e-16 -4.26741975e-16  1.24900090e-16  1.02695630e-15
    -3.85108612e-16 -1.68268177e-16]
   [ 5.72458747e-16 -6.93889390e-16 -2.98372438e-16 -3.81639165e-16
    -6.10622664e-16 -9.61904167e-16]
   [-3.23959609e-16  3.50414142e-16 -1.70002901e-16 -1.68268177e-16
    -9.58434720e-16 -8.32667268e-17]]

  [[-7.19910243e-17 -1.86374353e-16 -6.44341351e-16 -3.22766987e-16
     8.23993651e-17 -1.33356867e-17]
   [-1.86591194e-16 -3.24393290e-16 -2.64545330e-16 -1.38561038e-16
     8.67361738e-18 -4.16333634e-17]
   [-6.44775032e-16 -2.64979011e-16  1.94289029e-16 -5.53918890e-16
    -7.63278329e-17  2.06974195e-16]
   [-3.22550146e-16 -1.39428399e-16 -5.55328353e-16  8.05779055e-16
    -1.09287579e-16 -2.12503626e-17]
   [ 8.32667268e-17  8.67361738e-18 -7.63278329e-17 -1.09721260e-16
    -9.58434720e-16  1.79543880e-16]
   [-1.35525272e-17 -4.20670443e-17  2.07407876e-16 -2.29850861e-17
     1.79543880e-16  2.50667542e-16]]]


 [[[ 6.93889390e-18 -7.52869989e-16  1.98625838e-16 -3.47269956e-16
    -1.98408998e-16 -6.68302219e-16]
   [-7.54604712e-16  2.13370988e-16  1.52221985e-16 -4.17634677e-16
    -8.35594614e-16  2.86229374e-16]
   [ 1.99493200e-16  1.51788304e-16  3.11762335e-16 -2.34621350e-16
     2.01661604e-17 -4.90059382e-16]
   [-3.47486796e-16 -4.16550475e-16 -2.33753988e-16  7.95587554e-16
     1.36869682e-15  6.31330925e-16]
   [-1.96674274e-16 -8.35160933e-16  1.97324795e-17  1.36956418e-15
    -3.25477492e-16 -1.27935856e-17]
   [-6.71771666e-16  2.86229374e-16 -4.90059382e-16  6.29813042e-16
    -1.30104261e-17 -5.01335085e-16]]

  [[ 2.56739074e-16 -1.37043155e-16  1.70870262e-16 -1.19912760e-16
     1.62630326e-17  2.74086309e-16]
   [-1.38777878e-16  3.05311332e-16  1.12757026e-16 -8.71698547e-17
     3.13117587e-16 -2.77555756e-17]
   [ 1.70870262e-16  1.12757026e-16 -3.86843335e-16  3.57786717e-16
    -6.78710560e-17  8.15320034e-17]
   [-1.20996962e-16 -8.73866951e-17  3.56485674e-16 -3.12250226e-17
     1.58727198e-16  7.00394603e-17]
   [ 1.69135539e-17  3.14852311e-16 -6.93889390e-17  1.60461922e-16
     2.93168267e-16 -4.46691295e-17]
   [ 2.75821033e-16 -1.38777878e-17  8.50014503e-17  7.30752264e-17
    -4.51028104e-17 -5.96744876e-16]]

  [[-2.75821033e-16  2.17707796e-16 -1.52221985e-16 -1.86049093e-16
     1.26374605e-15 -4.77807897e-16]
   [ 2.16840434e-16  3.05311332e-16  3.46944695e-16 -3.85108612e-16
    -4.77482637e-16  1.47451495e-16]
   [-1.51788304e-16  3.46511014e-16  4.99600361e-16  3.96384314e-16
     2.44379170e-16 -3.26128013e-16]
   [-1.84748050e-16 -3.84674931e-16  3.93782229e-16 -2.56684864e-17
     5.72458747e-16  8.76035355e-17]
   [ 1.26483025e-15 -4.77482637e-16  2.45029691e-16  5.72675588e-16
    -1.31269778e-16  2.06106833e-16]
   [-4.75856334e-16  1.49186219e-16 -3.26128013e-16  8.80372164e-17
     2.06757354e-16 -3.53883589e-16]]

  [[-1.04083409e-17 -1.59594560e-16  5.55545193e-16 -4.61219604e-16
    -7.79622677e-16  6.33174069e-16]
   [-1.59594560e-16 -1.94289029e-16 -1.53956708e-16 -4.51028104e-17
    -6.63531730e-17  6.80878964e-17]
   [ 5.53593629e-16 -1.52221985e-16 -1.90819582e-16  8.32667268e-17
    -6.29921462e-17  9.12898229e-17]
   [-4.63171168e-16 -4.51028104e-17  8.32667268e-17  1.20389809e-15
    -5.80698684e-16 -3.72965547e-17]
   [-7.78538475e-16 -6.72205347e-17 -5.95226993e-17 -5.81566045e-16
    -1.80411242e-16 -2.36356074e-17]
   [ 6.31005664e-16  6.65700134e-17  8.86877377e-17 -3.72965547e-17
    -2.25514052e-17 -4.77048956e-16]]

  [[-7.19910243e-17 -1.88759598e-16 -6.43799250e-16 -3.21465944e-16
     8.10983225e-17 -1.37693676e-17]
   [-1.89301699e-16 -3.27862737e-16 -2.63244287e-16 -1.36609474e-16
     8.67361738e-18 -4.38017678e-17]
   [-6.44341351e-16 -2.63677968e-16  1.94289029e-16 -5.53702049e-16
    -8.23993651e-17  2.06865775e-16]
   [-3.21140683e-16 -1.37910516e-16 -5.54786252e-16  8.08381140e-16
    -1.11239143e-16 -2.75387352e-17]
   [ 8.10983225e-17  8.67361738e-18 -8.15320034e-17 -1.09287579e-16
    -9.61036806e-16  1.81278603e-16]
   [-1.39862080e-17 -4.42354486e-17  2.07733136e-16 -2.62376926e-17
     1.81278603e-16  2.43728648e-16]]

  [[-4.99600361e-16  3.50414142e-16 -6.73072709e-16  2.39391840e-16
     1.14491749e-16 -5.23886490e-16]
   [ 3.50414142e-16  7.49400542e-16 -3.50414142e-16  2.18575158e-16
    -3.81639165e-17 -1.38777878e-16]
   [-6.64399091e-16 -3.50414142e-16  5.27355937e-16 -4.20670443e-16
    -5.46437895e-16 -6.73072709e-16]
   [ 2.36789754e-16  2.15105711e-16 -4.34548231e-16 -5.82867088e-16
    -7.94503352e-16 -4.80518403e-16]
   [ 1.05818132e-16 -3.98986399e-17 -5.46437895e-16 -7.94503352e-16
    -3.88578059e-16  2.53269627e-16]
   [-5.20417043e-16 -1.24900090e-16 -6.69603262e-16 -4.82253126e-16
     2.51534904e-16 -2.77555756e-17]]]]
The sum of difference: 3.915214235716141e-13
Time taken: 28.70 mins
