System: beh2

Number of orbitals: 14

Google's method gives
[1.89886831e+00 5.89356291e-01 4.16911839e-01 1.80615653e-01
 1.05176647e-01 1.05176647e-01 5.12460897e-02 3.02936768e-02
 3.02936768e-02 2.42493792e-02 2.42493792e-02 1.77719861e-02
 1.77615848e-02 1.02511701e-02 1.02511701e-02 9.07111287e-03
 7.04645468e-03 4.75026130e-03 4.75026130e-03 2.75705409e-03
 2.45988251e-03 2.45988251e-03 3.73806786e-04 3.17081816e-04
 4.57139345e-05 1.62875019e-05 6.22854759e-06 4.54353138e-06]
Google's count 28
All eigenvalues: 
[ 1.89886831e+00  5.89356291e-01  4.16911839e-01  1.80615653e-01
  1.05176647e-01  1.05176647e-01  5.12460897e-02  3.02936768e-02
  3.02936768e-02  2.42493792e-02  2.42493792e-02  1.77719861e-02
  1.77615848e-02  1.02511701e-02  1.02511701e-02  9.07111287e-03
  7.04645468e-03  4.75026130e-03  4.75026130e-03  2.75705409e-03
  2.45988251e-03  2.45988251e-03  3.73806786e-04  3.17081816e-04
  4.57139345e-05  1.62875019e-05  6.22854759e-06  4.54353138e-06
 -1.13904404e-16  1.13025123e-16 -8.00230004e-17  6.10140178e-17
 -5.37209103e-17  2.32146477e-17  1.42460850e-17  1.11577688e-17
 -8.75767456e-18  8.34246581e-18  6.68060223e-18 -5.66228986e-18
 -5.50979023e-18  3.89216722e-18 -2.61086591e-18 -1.96409395e-18
  1.83497510e-18 -1.22827483e-18 -1.16711189e-18  7.87694832e-19
  3.54623766e-19]
Reproduced Google's result: 
[1.89886831e+00 5.89356291e-01 4.16911839e-01 1.80615653e-01
 1.05176647e-01 1.05176647e-01 5.12460897e-02 3.02936768e-02
 3.02936768e-02 2.42493792e-02 2.42493792e-02 1.77719861e-02
 1.77615848e-02 1.02511701e-02 1.02511701e-02 9.07111287e-03
 7.04645468e-03 4.75026130e-03 4.75026130e-03 2.75705409e-03
 2.45988251e-03 2.45988251e-03 3.73806786e-04 3.17081816e-04
 4.57139345e-05 1.62875019e-05 6.22854759e-06 4.54353138e-06]
Reproduced Google's count 28

Number of Pauli words (BK): 666
Number of qwc cliques (using LF): 172
Number of commuting cliques (using LF): 37
