System: h2oSym

Number of orbitals: 14

Google's method gives
[3.40997139e+00 1.02522938e+00 3.20925687e-01 2.87128940e-01
 1.93205612e-01 1.70309042e-01 1.44094514e-01 5.13510360e-02
 5.02458378e-02 4.86325320e-02 4.81615971e-02 4.80101634e-02
 2.14627099e-02 2.03107645e-02 1.77414333e-02 1.48190597e-02
 7.67274856e-03 6.81497415e-03 3.61075912e-03 3.48077239e-03
 2.48648161e-03 2.43246370e-03 6.48279829e-04 2.82467757e-04
 5.24051683e-05 1.13211715e-05 1.65481307e-06 1.29815078e-06]
Google's count 28
All eigenvalues: 
[ 3.40997139e+00  1.02522938e+00  3.20925687e-01  2.87128940e-01
  1.93205612e-01  1.70309042e-01  1.44094514e-01  5.13510360e-02
  5.02458378e-02  4.86325320e-02  4.81615971e-02  4.80101634e-02
  2.14627099e-02  2.03107645e-02  1.77414333e-02  1.48190597e-02
  7.67274856e-03  6.81497415e-03  3.61075912e-03  3.48077239e-03
  2.48648161e-03  2.43246370e-03  6.48279829e-04  2.82467757e-04
  5.24051683e-05  1.13211715e-05  1.65481307e-06  1.29815078e-06
 -8.00448068e-17  7.71855562e-17  4.27399440e-17  3.89673654e-17
 -3.79005804e-17 -3.34960015e-17 -3.19228207e-17  3.01570917e-17
 -1.95677207e-17 -1.80488649e-17  1.76186381e-17 -1.14498167e-17
  9.49681135e-18  7.91097396e-18  5.77657031e-18 -4.63702021e-18
 -3.37889907e-18  3.16753532e-18 -2.11094239e-18 -1.34706970e-18
 -5.23869866e-19]
Reproduced Google's result: 
[3.40997139e+00 1.02522938e+00 3.20925687e-01 2.87128940e-01
 1.93205612e-01 1.70309042e-01 1.44094514e-01 5.13510360e-02
 5.02458378e-02 4.86325320e-02 4.81615971e-02 4.80101634e-02
 2.14627099e-02 2.03107645e-02 1.77414333e-02 1.48190597e-02
 7.67274856e-03 6.81497415e-03 3.61075912e-03 3.48077239e-03
 2.48648161e-03 2.43246370e-03 6.48279829e-04 2.82467757e-04
 5.24051683e-05 1.13211715e-05 1.65481307e-06]
Reproduced Google's count 27

Number of Pauli words (BK): 1086
Number of qwc cliques (using LF): 313
Number of commuting cliques (using LF): 51
