System: nh3

Number of orbitals: 16

Google's method gives
[3.14690054e+00 9.92431615e-01 3.28383416e-01 3.28383416e-01
 2.54094822e-01 1.65047619e-01 1.35507533e-01 1.35507533e-01
 4.63844637e-02 4.63844637e-02 4.40287615e-02 4.11994175e-02
 4.11994175e-02 1.96466147e-02 1.96466147e-02 1.83352721e-02
 1.44242922e-02 7.43529349e-03 7.43529349e-03 6.13504072e-03
 4.10154202e-03 3.87455955e-03 3.87455955e-03 3.15374035e-03
 3.15374035e-03 2.90117706e-03 7.02920042e-04 2.75876816e-04
 2.44604908e-04 2.44604908e-04 5.10997237e-05 5.10997237e-05
 9.10374009e-06 2.66506072e-06 2.66506072e-06 1.85233803e-06]
Google's count 36
All eigenvalues: 
[ 3.14690054e+00  9.92431615e-01  3.28383416e-01  3.28383416e-01
  2.54094822e-01  1.65047619e-01  1.35507533e-01  1.35507533e-01
  4.63844637e-02  4.63844637e-02  4.40287615e-02  4.11994175e-02
  4.11994175e-02  1.96466147e-02  1.96466147e-02  1.83352721e-02
  1.44242922e-02  7.43529349e-03  7.43529349e-03  6.13504072e-03
  4.10154202e-03  3.87455955e-03  3.87455955e-03  3.15374035e-03
  3.15374035e-03  2.90117706e-03  7.02920042e-04  2.75876816e-04
  2.44604908e-04  2.44604908e-04  5.10997237e-05  5.10997237e-05
  9.10374009e-06  2.66506072e-06  2.66506072e-06  1.85233803e-06
 -1.08479142e-16  9.50060136e-17  6.91607246e-17 -6.58223516e-17
 -5.63459319e-17 -5.10666052e-17 -3.96820786e-17  3.69355707e-17
 -3.67759350e-17  3.66694158e-17  3.02939215e-17  2.46517171e-17
  2.32194565e-17 -2.04888653e-17 -2.00354319e-17  1.73119657e-17
  1.56386853e-17 -1.41604391e-17  1.38517374e-17  1.37373779e-17
 -1.14838100e-17  8.84113153e-18 -7.78088397e-18 -6.13808187e-18
 -5.07317880e-18  3.79613144e-18 -2.62657524e-18  2.17859494e-18]
Reproduced Google's result: 
[3.14690054e+00 9.92431615e-01 3.28383416e-01 3.28383416e-01
 2.54094822e-01 1.65047619e-01 1.35507533e-01 1.35507533e-01
 4.63844637e-02 4.63844637e-02 4.40287615e-02 4.11994175e-02
 4.11994175e-02 1.96466147e-02 1.96466147e-02 1.83352721e-02
 1.44242922e-02 7.43529349e-03 7.43529349e-03 6.13504072e-03
 4.10154202e-03 3.87455955e-03 3.87455955e-03 3.15374035e-03
 3.15374035e-03 2.90117706e-03 7.02920042e-04 2.75876816e-04
 2.44604908e-04 2.44604908e-04 5.10997237e-05 5.10997237e-05
 9.10374009e-06 2.66506072e-06 2.66506072e-06 1.85233803e-06]
Reproduced Google's count 36

Number of Pauli words (BK): 3609
Number of qwc cliques (using LF): 1272
Number of commuting cliques (using LF): 155
