Molecule: beh2
Wavefucntion: fci
Geometries: 1.0
Method: GCSA_FC
Qubit Transformation: BK

CSA fragments: 9
FC fragments: 52
[1.22255535e-01 1.36348656e-01 2.04897501e-02 3.62997691e-03
 8.54030289e-03 6.81247466e-04 3.53694835e-04 1.49457517e-04
 3.26037184e-04 1.89575759e-05 7.13184260e-06 1.06757785e-05
 7.32793841e-06 1.55109911e-05 8.22604219e-06 1.35511713e-05
 2.30321358e-06 1.36856203e-05 6.70319481e-06 2.57569669e-05
 2.29503183e-05 2.20987864e-05 2.88688298e-06 6.60114735e-06
 2.65207360e-06 1.89452162e-06 1.18092861e-05 6.77933410e-06
 2.28693393e-06 1.21721595e-05 7.60542565e-06 5.59793585e-06
 2.31592400e-06 1.07780099e-05 1.34733713e-05 1.32585443e-05
 1.03852161e-05 1.38911581e-06 3.02768407e-06 2.39455247e-06
 3.06310114e-06 1.62848702e-06 1.82905312e-06 4.35632172e-06
 8.93736297e-07 2.65478065e-06 1.20769054e-06 1.91081863e-06
 9.16207515e-07 6.03274985e-06 3.14125750e-06 4.28408477e-06
 4.52969726e-07 9.72371333e-07 9.43824041e-07 9.46336477e-07
 4.41275011e-06 2.09632492e-07 2.40093740e-07 1.09558381e-07
 1.08323613e-06]
GCSA_FC parts - H_BK: 0
sum_i <H_i>: -15.48174106970265
Sum over sqrt: 1.2058038257141908

