Molecule: lih
Wavefucntion: fci
Geometries: 1.0
Method: GCSA_FC
Qubit Transformation: BK

[5.08358847e-01 4.90151736e-01 6.91808506e-04 1.14367948e-03
 8.73789954e-04 3.57886452e-04 5.44286014e-05 1.01379413e-04
 9.13942402e-05 8.25236889e-06 4.59224518e-06 1.38301992e-06
 2.91365904e-06 7.28496561e-06 4.10516590e-06 4.47140168e-06
 5.62640513e-06 3.47643854e-06 6.39617991e-06 1.58361348e-06
 3.70887602e-06 3.56282220e-06 1.42043568e-06 7.97928551e-07
 2.49830969e-06 3.29242782e-06 1.10028340e-06 1.48303490e-06
 1.49195612e-06 4.88243360e-07 5.17243109e-07 4.90804987e-06
 6.94450898e-06 1.12607135e-06 1.50363794e-06 1.31581525e-06
 1.46970755e-06 3.18238600e-07 5.13721829e-07 7.56633825e-07
 9.44985480e-07 1.39797637e-06 1.10081298e-06 4.28920864e-07
 1.06222770e-06 1.70294851e-06 1.15999787e-06 7.99796757e-07
 5.11644774e-06 1.04948608e-06 2.05613425e-06 1.82966055e-06
 2.88338002e-07 8.93314324e-07 1.00801714e-06 3.42236657e-07
 4.35294186e-07 3.78756286e-06 1.04400323e-06 2.09544557e-07
 7.50217317e-07 5.28342494e-07 1.18895431e-06 2.74865738e-06
 1.17814208e-07 1.23463317e-06 4.96475933e-07 1.38486867e-07
 1.64856330e-07 2.54744858e-07 6.05792141e-08]
GCSA_FC parts - H_BK: 0
sum_i <H_i>: -7.78446028003122
Sum over sqrt: 1.6267407164696315

