The number of orbitals is 8
Google yields: 32
Using gradient: True
Using alpha = 19
Sum of square is 3.5110189212827583e-28
The solution is
[-0.0550741   0.06339026  0.09795161 ...  0.86188181  0.56799455
  0.04145091]
The difference is
[[[[-8.88178420e-16  2.77555756e-17 -5.55111512e-17 ...  4.16333634e-16
    -7.91033905e-16 -6.93889390e-18]
   [ 0.00000000e+00  3.33066907e-16 -9.02056208e-17 ... -2.77555756e-16
     2.28983499e-16  4.23272528e-16]
   [-2.77555756e-17 -1.04083409e-16  5.55111512e-16 ... -1.35308431e-16
     5.55111512e-17 -2.77555756e-16]
   ...
   [ 4.16333634e-16 -2.77555756e-16 -1.21430643e-16 ...  6.66133815e-16
     1.53956708e-16  5.11743425e-17]
   [-7.91033905e-16  2.35922393e-16  5.55111512e-17 ...  1.67834496e-16
    -1.11022302e-16  1.73472348e-17]
   [ 6.93889390e-18  4.09394740e-16 -2.77555756e-16 ...  4.94396191e-17
     1.73472348e-17  3.33066907e-16]]

  [[ 0.00000000e+00  3.12250226e-17 -4.07660017e-17 ... -1.94289029e-16
     7.50267903e-17  2.34404510e-16]
   [ 3.12250226e-17 -1.60461922e-16 -2.88180937e-16 ...  1.65666092e-16
    -2.73218947e-16 -5.95660674e-16]
   [-5.03069808e-17 -2.88180937e-16 -3.19839641e-16 ... -1.09721260e-16
     4.70543743e-16  1.47451495e-17]
   ...
   [-1.97758476e-16  1.70870262e-16 -1.09287579e-16 ...  3.36102673e-16
     7.26415456e-18  6.90636784e-17]
   [ 7.93635990e-17 -2.72785267e-16  4.67074296e-16 ...  8.99887803e-18
    -6.24500451e-17  3.87873327e-16]
   [ 2.37223435e-16 -5.91323865e-16  1.51788304e-17 ...  6.90636784e-17
     3.93023288e-16 -1.88217497e-16]]

  [[-9.71445147e-17 -4.59701721e-17  2.48932819e-16 ... -3.26128013e-16
    -1.76941795e-16 -2.15973073e-16]
   [-4.55364912e-17  2.36356074e-16  4.51028104e-17 ... -7.45931095e-17
    -2.11636264e-16 -3.03576608e-16]
   [ 2.55004351e-16  4.51028104e-17 -5.02852968e-16 ... -4.81385765e-17
     4.51895465e-16 -1.59811400e-16]
   ...
   [-3.29597460e-16 -6.11490025e-17 -4.90059382e-17 ...  2.09901541e-16
     3.28296418e-16 -9.45424294e-17]
   [-1.76074433e-16 -2.13804668e-16  4.52762827e-16 ...  3.21791205e-16
    -3.55401472e-16  2.56305394e-16]
   [-2.12503626e-16 -3.14852311e-16 -1.59811400e-16 ... -9.80118764e-17
     2.58365378e-16 -5.90022822e-16]]

  ...

  [[ 2.49800181e-16 -1.87350135e-16 -3.14852311e-16 ... -3.95516953e-16
     9.80118764e-17  4.29344060e-17]
   [-1.90819582e-16 -1.58727198e-16  1.37043155e-16 ... -2.20309881e-16
    -5.33427469e-17  2.66280054e-16]
   [-3.14852311e-16  1.37043155e-16  8.18355800e-16 ...  6.93889390e-17
    -1.17961196e-16  4.02889527e-16]
   ...
   [-3.92047506e-16 -2.25297211e-16  7.28583860e-17 ... -2.84060969e-16
     4.79217360e-17  1.98517418e-16]
   [ 9.62771529e-17 -4.98732999e-17 -1.19912760e-16 ...  4.65122732e-17
    -1.98192157e-16 -3.86626495e-16]
   [ 4.77048956e-17  2.59341160e-16  4.04190570e-16 ...  2.00685822e-16
    -3.84458090e-16  3.46944695e-18]]

  [[-7.35522754e-16  8.41340886e-17 -1.73038667e-16 ...  1.11022302e-16
     1.33573708e-16 -2.71484224e-16]
   [ 8.06646416e-17 -3.50414142e-16 -2.24646690e-16 ... -1.56125113e-16
    -2.55004351e-16  4.14165230e-17]
   [-1.73038667e-16 -2.21177243e-16  3.43041567e-16 ... -2.23562488e-16
    -3.13117587e-16  9.02056208e-17]
   ...
   [ 1.04950770e-16 -1.56992475e-16 -2.17057275e-16 ...  2.04697370e-16
     1.56125113e-16 -5.28006458e-17]
   [ 1.17961196e-16 -2.55004351e-16 -3.12683907e-16 ...  1.54390389e-16
    -2.81892565e-18 -2.71267384e-16]
   [-2.69749501e-16  4.22296746e-17  8.84708973e-17 ... -5.77879758e-17
    -2.64979011e-16  9.75781955e-19]]

  [[ 6.93889390e-18  2.28766658e-16 -2.18575158e-16 ...  4.51028104e-17
    -2.79290480e-16  4.97865638e-16]
   [ 2.30718222e-16 -7.86046575e-18  2.89698820e-16 ... -1.83447008e-16
     4.16442054e-16  3.05311332e-16]
   [-2.15105711e-16  3.03576608e-16 -7.41594286e-17 ... -4.29344060e-17
     4.09394740e-16 -2.58907479e-16]
   ...
   [ 4.68375339e-17 -1.76074433e-16 -4.38017678e-17 ...  2.74953671e-16
    -7.51894207e-17 -1.31838984e-16]
   [-2.78423118e-16  4.15466272e-16  4.09394740e-16 ... -7.95262294e-17
    -1.92337465e-16  5.90890184e-17]
   [ 4.90926744e-16  3.10515502e-16 -2.58907479e-16 ... -1.33573708e-16
     5.95769094e-17 -2.88397778e-17]]]


 [[[ 0.00000000e+00  3.46944695e-17 -4.77048956e-17 ... -1.80411242e-16
     7.84962373e-17  2.30935063e-16]
   [ 4.85722573e-17 -1.70002901e-16 -2.92951427e-16 ...  1.70870262e-16
    -2.68448458e-16 -5.92408067e-16]
   [-5.55111512e-17 -2.88614618e-16 -3.30247982e-16 ... -1.09287579e-16
     4.60135402e-16  1.34441069e-17]
   ...
   [-1.90819582e-16  1.69135539e-16 -1.11239143e-16 ...  3.38704759e-16
     7.26415456e-18  7.50267903e-17]
   [ 7.71951947e-17 -2.67797937e-16  4.63604849e-16 ...  6.39679282e-18
    -7.80625564e-17  3.90366992e-16]
   [ 2.32669786e-16 -5.90239663e-16  8.67361738e-18 ...  7.42136387e-17
     3.91234354e-16 -1.93421668e-16]]

  [[ 3.88578059e-16 -1.77809156e-16  2.39825521e-16 ... -1.24900090e-16
    -3.50414142e-16 -4.25549353e-18]
   [-1.66533454e-16  3.88578059e-16 -1.04950770e-16 ... -3.40005801e-16
     1.30104261e-17 -1.04083409e-17]
   [ 2.38090797e-16 -1.02782366e-16 -5.55111512e-16 ...  8.93382590e-17
     6.38378239e-16  1.31838984e-16]
   ...
   [-1.38344197e-16 -3.33066907e-16  7.02563008e-17 ...  2.77555756e-16
    -9.80118764e-17  4.68375339e-16]
   [-3.53016227e-16  1.90819582e-17  6.31439345e-16 ... -1.07552856e-16
     1.66533454e-16  1.46584134e-16]
   [ 9.48676901e-19 -1.21430643e-17  1.45716772e-16 ...  4.70110062e-16
     1.44849410e-16 -4.44089210e-16]]

  [[-9.36750677e-17 -2.88939879e-16  4.42354486e-17 ...  1.47017815e-16
    -2.28116137e-16  3.01841885e-16]
   [-2.77230496e-16 -1.07227595e-16  1.11022302e-16 ... -4.87890978e-17
    -1.75207071e-16 -7.80625564e-17]
   [ 3.72965547e-17  9.71445147e-17  6.92154667e-16 ... -7.80625564e-17
     6.93889390e-17  2.72893687e-16]
   ...
   [ 1.46584134e-16 -4.87890978e-17 -7.97972799e-17 ... -1.51788304e-16
    -9.02056208e-17  3.26128013e-16]
   [-2.29850861e-16 -1.76941795e-16  6.59194921e-17 ... -9.36750677e-17
     1.38777878e-16 -1.11022302e-16]
   [ 3.01841885e-16 -7.11236625e-17  2.71050543e-16 ...  3.26128013e-16
    -1.14491749e-16 -2.42861287e-17]]

  ...

  [[-3.33066907e-16  1.95156391e-16 -8.63024929e-17 ... -2.11853105e-16
    -1.43548368e-16 -1.88000657e-16]
   [ 1.93421668e-16 -2.77555756e-16 -5.07406617e-17 ...  5.06539255e-16
    -5.22151766e-16 -1.05818132e-16]
   [-9.02056208e-17 -5.37764278e-17  7.00828284e-16 ...  1.30104261e-17
    -1.07552856e-16 -9.02056208e-17]
   ...
   [-2.21177243e-16  4.92661467e-16  1.30104261e-17 ...  3.53883589e-16
     1.00613962e-16  1.52655666e-16]
   [-1.40078921e-16 -5.27789618e-16 -1.14491749e-16 ...  9.71445147e-17
    -3.81639165e-16  1.86049093e-16]
   [-1.84531210e-16 -1.05818132e-16 -8.32667268e-17 ...  1.53523028e-16
     1.85832252e-16  4.99600361e-16]]

  [[ 2.39391840e-16 -2.76905235e-16 -2.05998413e-16 ... -4.59701721e-17
    -2.81025203e-16  4.18935719e-16]
   [-2.69966341e-16  2.51534904e-17 -1.69135539e-16 ... -5.34728511e-16
    -2.18575158e-16 -2.95987193e-16]
   [-2.05998413e-16 -1.68268177e-16 -4.35415592e-16 ... -2.98372438e-16
     1.72604986e-16 -2.58907479e-16]
   ...
   [-4.90059382e-17 -5.35162192e-16 -3.01841885e-16 ...  4.96130914e-16
    -1.02511315e-16 -2.56955915e-16]
   [-2.78423118e-16 -2.18575158e-16  1.72388145e-16 ... -9.38919081e-17
    -2.88831459e-16  8.15320034e-17]
   [ 4.19044140e-16 -2.96637714e-16 -2.55438032e-16 ... -2.65195851e-16
     7.97972799e-17 -2.56739074e-16]]

  [[ 3.92047506e-16 -5.89155461e-16 -3.00974523e-16 ...  2.68014777e-16
     3.70797143e-17  3.09648140e-16]
   [-5.89372301e-16 -2.08166817e-17 -8.15320034e-17 ... -1.01481323e-16
    -3.01191364e-16  7.63278329e-16]
   [-3.04443970e-16 -7.45931095e-17 -4.41812385e-17 ...  3.85108612e-16
     3.83807569e-16  1.34874750e-16]
   ...
   [ 2.68014777e-16 -9.97465999e-17  3.85108612e-16 ...  3.46944695e-18
     6.87384177e-17  3.26995375e-16]
   [ 3.27429056e-17 -3.03793449e-16  3.86843335e-16 ...  6.52689708e-17
    -3.12250226e-16 -2.27248775e-16]
   [ 3.07913417e-16  7.63278329e-16  1.32706346e-16 ...  3.29597460e-16
    -2.25514052e-16  9.71445147e-17]]]


 [[[-8.32667268e-17 -5.29090660e-17  2.49800181e-16 ... -3.19189120e-16
    -1.73472348e-16 -2.10768902e-16]
   [-4.59701721e-17  2.45897053e-16  4.16333634e-17 ... -8.19656842e-17
    -2.09901541e-16 -2.99239800e-16]
   [ 2.51534904e-16  3.98986399e-17 -5.02852968e-16 ... -5.24753851e-17
     4.43005008e-16 -1.60895602e-16]
   ...
   [-3.20056481e-16 -6.41847686e-17 -4.98732999e-17 ...  2.02962647e-16
     3.24826971e-16 -9.45424294e-17]
   [-1.76074433e-16 -2.15105711e-16  4.44956572e-16 ...  3.21791205e-16
    -3.44993131e-16  2.60859043e-16]
   [-2.07299455e-16 -3.05311332e-16 -1.64365049e-16 ... -9.54097912e-17
     2.62919027e-16 -5.90022822e-16]]

  [[-1.00613962e-16 -2.84169389e-16  3.29597460e-17 ...  1.43982049e-16
    -2.31585584e-16  3.00107161e-16]
   [-2.72568426e-16 -1.13515967e-16  9.71445147e-17 ... -4.53196508e-17
    -1.75207071e-16 -7.45931095e-17]
   [ 3.46944695e-17  9.71445147e-17  6.86950496e-16 ... -8.15320034e-17
     6.24500451e-17  2.77772597e-16]
   ...
   [ 1.44849410e-16 -4.53196508e-17 -7.97972799e-17 ... -1.56125113e-16
    -9.36750677e-17  3.26128013e-16]
   [-2.28983499e-16 -1.73472348e-16  6.24500451e-17 ... -9.71445147e-17
     1.35308431e-16 -1.24900090e-16]
   [ 3.01841885e-16 -7.45931095e-17  2.70833703e-16 ...  3.26128013e-16
    -1.28369537e-16 -2.42861287e-17]]

  [[ 6.10622664e-16 -3.33066907e-16 -4.92661467e-16 ...  8.01875927e-16
     3.22224886e-16 -8.08814821e-17]
   [-3.29597460e-16 -5.55111512e-16  6.90419943e-16 ...  6.03683770e-16
    -4.33680869e-16 -6.41847686e-17]
   [-4.82253126e-16  6.92154667e-16  1.05471187e-15 ...  3.10515502e-16
     2.46330734e-16 -2.70616862e-16]
   ...
   [ 8.29631502e-16  6.17561557e-16  3.04443970e-16 ... -5.55111512e-17
     4.16333634e-17 -1.41379963e-16]
   [ 3.10081821e-16 -4.40619763e-16  2.49800181e-16 ...  3.81639165e-17
     3.88578059e-16  2.42861287e-17]
   [-9.12898229e-17 -5.37764278e-17 -2.70616862e-16 ... -1.41379963e-16
     2.42861287e-17  2.77555756e-16]]

  ...

  [[-1.40512602e-16 -1.15142271e-16 -4.77048956e-17 ...  6.76542156e-17
    -2.21394084e-16 -4.11996826e-17]
   [-1.12323345e-16  9.02056208e-17 -1.16226473e-16 ...  1.30104261e-17
    -2.84494650e-16  4.16333634e-16]
   [-5.37764278e-17 -1.07552856e-16  3.50414142e-16 ... -1.45716772e-16
    -2.48065457e-16  3.01408204e-17]
   ...
   [ 6.93889390e-17  1.04083409e-17 -1.45716772e-16 ...  1.73472348e-16
     1.92554306e-16  2.46330734e-16]
   [-2.23128807e-16 -2.87964097e-16 -2.48065457e-16 ...  1.92554306e-16
    -1.73472348e-18  1.12757026e-16]
   [-3.94649591e-17  4.05925293e-16  2.97071395e-17 ...  2.39391840e-16
     1.12757026e-16 -2.13370988e-16]]

  [[ 8.32667268e-17  4.58834359e-16  4.41487125e-16 ... -1.37259995e-16
    -3.12467066e-16  4.06792655e-16]
   [ 4.51895465e-16  6.34908792e-16  4.51028104e-17 ... -1.00613962e-16
     2.03179487e-16  4.11996826e-16]
   [ 4.40619763e-16  4.16333634e-17  2.81025203e-16 ... -3.17454396e-16
    -3.46944695e-17  1.14491749e-16]
   ...
   [-1.38994719e-16 -1.00613962e-16 -3.15719673e-16 ... -1.40512602e-16
    -1.57859836e-16  6.59194921e-17]
   [-3.15936513e-16  2.04914211e-16 -3.46944695e-17 ... -1.59594560e-16
    -1.49186219e-16 -1.81278603e-16]
   [ 4.01588485e-16  4.06792655e-16  1.11022302e-16 ...  5.89805982e-17
    -1.77809156e-16 -6.45317133e-16]]

  [[-2.22044605e-16 -6.93889390e-18 -1.63829725e-16 ...  3.79470760e-16
     9.12898229e-17 -2.60642202e-16]
   [ 3.03576608e-18  1.94289029e-16  2.56955915e-16 ... -8.32667268e-17
    -2.32452946e-16  1.45283091e-16]
   [-1.70768618e-16  2.62160085e-16 -2.11636264e-16 ... -1.44198889e-17
     1.04083409e-16 -4.16333634e-16]
   ...
   [ 3.76001313e-16 -9.71445147e-17 -1.48535698e-17 ...  1.45716772e-16
     3.12250226e-16 -1.26634814e-16]
   [ 1.05167611e-16 -2.27248775e-16  1.00613962e-16 ...  3.12250226e-16
    -2.98372438e-16  2.00360561e-16]
   [-2.54570670e-16  1.43548368e-16 -4.16333634e-16 ... -1.26634814e-16
     1.92987987e-16  4.85722573e-17]]]


 ...


 [[[ 2.22044605e-16 -1.73472348e-16 -3.14852311e-16 ... -3.98986399e-16
     9.80118764e-17  4.29344060e-17]
   [-1.76941795e-16 -1.58727198e-16  1.43982049e-16 ... -2.23779328e-16
    -5.50774704e-17  2.66280054e-16]
   [-3.11382864e-16  1.40512602e-16  8.18355800e-16 ...  7.84962373e-17
    -1.22948526e-16  4.04190570e-16]
   ...
   [-3.92047506e-16 -2.24429850e-16  8.15320034e-17 ... -2.96637714e-16
     3.40439482e-17  2.00685822e-16]
   [ 8.58688121e-17 -5.68121938e-17 -1.19479079e-16 ...  3.72965547e-17
    -2.01661604e-16 -3.90529623e-16]
   [ 4.33680869e-17  2.62810607e-16  4.06792655e-16 ...  1.98517418e-16
    -3.87927537e-16 -3.46944695e-18]]

  [[-3.33066907e-16  2.05564732e-16 -7.67615138e-17 ... -2.07949977e-16
    -1.43548368e-16 -1.88000657e-16]
   [ 2.03830008e-16 -2.77555756e-16 -5.05238212e-17 ...  4.99600361e-16
    -5.29958022e-16 -1.03216047e-16]
   [-7.71951947e-17 -5.37764278e-17  7.00828284e-16 ...  2.08166817e-17
    -1.14491749e-16 -8.32667268e-17]
   ...
   [-2.10552062e-16  5.06539255e-16  1.47451495e-17 ...  3.53883589e-16
     1.01481323e-16  1.55257751e-16]
   [-1.47017815e-16 -5.31259065e-16 -1.14491749e-16 ...  9.10729825e-17
    -3.67761377e-16  1.87350135e-16]
   [-1.91470104e-16 -1.04950770e-16 -8.32667268e-17 ...  1.54390389e-16
     1.85832252e-16  4.99600361e-16]]

  [[-1.30104261e-16 -1.11889664e-16 -5.46437895e-17 ...  8.41340886e-17
    -2.27899297e-16 -3.90312782e-17]
   [-1.07986536e-16  9.02056208e-17 -1.12757026e-16 ...  1.64798730e-17
    -2.86229374e-16  4.09394740e-16]
   [-5.24753851e-17 -1.09287579e-16  3.48679419e-16 ... -1.52655666e-16
    -2.51534904e-16  3.06829215e-17]
   ...
   [ 7.97972799e-17  1.82145965e-17 -1.52655666e-16 ...  1.63064007e-16
     1.89084859e-16  2.60208521e-16]
   [-2.26164573e-16 -2.87964097e-16 -2.51534904e-16 ...  1.89084859e-16
     1.73472348e-18  1.05818132e-16]
   [-3.72965547e-17  4.09394740e-16  3.37186876e-17 ...  2.46330734e-16
     1.05818132e-16 -2.22044605e-16]]

  ...

  [[ 3.88578059e-16  4.03323208e-16  1.99493200e-16 ... -2.84060969e-16
     2.08166817e-16  2.80157841e-16]
   [ 4.02455846e-16  2.77555756e-16 -1.45716772e-16 ...  1.45716772e-16
     4.87457297e-16  1.73472348e-18]
   [ 1.99493200e-16 -1.48318857e-16 -5.55111512e-17 ...  1.76941795e-16
    -1.24900090e-16  1.49186219e-16]
   ...
   [-2.92734587e-16  1.38777878e-16  1.76941795e-16 ...  5.55111512e-17
     8.93382590e-17 -1.46584134e-16]
   [ 2.04697370e-16  4.90926744e-16 -1.24900090e-16 ...  8.06646416e-17
     0.00000000e+00 -3.28730099e-16]
   [ 2.86229374e-16  1.73472348e-18  1.49186219e-16 ... -1.44849410e-16
    -3.26128013e-16  4.44089210e-16]]

  [[ 1.48102017e-16  8.99887803e-18  3.23959609e-16 ...  5.43185288e-17
     1.16226473e-16 -8.46490846e-17]
   [ 1.16009632e-17 -1.11889664e-16 -1.00613962e-16 ...  9.68192540e-17
    -1.35376194e-16  7.06899816e-17]
   [ 3.26561694e-16 -1.00613962e-16  4.16333634e-17 ...  1.89084859e-16
    -1.68268177e-16  3.15719673e-16]
   ...
   [ 5.38848480e-17  1.01698164e-16  1.87350135e-16 ...  9.36750677e-17
     3.33066907e-16 -2.24863531e-16]
   [ 1.16226473e-16 -1.37110917e-16 -1.61329283e-16 ...  3.46944695e-16
     2.94902991e-17  2.98372438e-16]
   [-8.54893413e-17  7.06899816e-17  3.08780779e-16 ... -2.26489834e-16
     2.98372438e-16  2.56739074e-16]]

  [[ 4.90059382e-17  7.93907041e-17 -8.93382590e-17 ...  1.90928003e-16
    -5.55111512e-17 -1.64798730e-16]
   [ 7.59212571e-17  4.54497551e-16  3.33066907e-16 ...  1.48752538e-16
    -2.61509564e-16  2.61075883e-16]
   [-9.10729825e-17  3.26128013e-16 -1.08420217e-16 ...  2.25514052e-16
     4.16333634e-17 -2.25514052e-16]
   ...
   [ 1.90711162e-16  1.56558794e-16  2.25514052e-16 ... -1.54824070e-16
    -2.17816216e-16 -3.19189120e-16]
   [-5.29090660e-17 -2.63894809e-16  3.46944695e-17 ... -2.23128807e-16
     1.11022302e-16  3.76434994e-16]
   [-1.59594560e-16  2.61075883e-16 -2.16840434e-16 ... -3.26128013e-16
     3.76434994e-16 -6.24500451e-17]]]


 [[[-7.07767178e-16  7.97972799e-17 -1.73038667e-16 ...  1.00613962e-16
     1.19695920e-16 -2.59341160e-16]
   [ 7.71951947e-17 -3.46944695e-16 -2.19442520e-16 ... -1.47451495e-16
    -2.52402266e-16  4.22296746e-17]
   [-1.66099773e-16 -2.19442520e-16  3.46511014e-16 ... -2.23562488e-16
    -3.11816545e-16  1.04083409e-16]
   ...
   [ 9.80118764e-17 -1.48318857e-16 -2.18791998e-16 ...  2.11636264e-16
     1.45716772e-16 -5.19332841e-17]
   [ 1.19695920e-16 -2.53269627e-16 -3.09648140e-16 ...  1.54390389e-16
     6.50521303e-19 -2.72134745e-16]
   [-2.62810607e-16  3.96275894e-17  1.04083409e-16 ... -5.60532523e-17
    -2.63461128e-16  9.75781955e-19]]

  [[ 2.39391840e-16 -2.75170511e-16 -2.07733136e-16 ... -5.29090660e-17
    -2.75821033e-16  4.15466272e-16]
   [-2.67364256e-16  2.60208521e-17 -1.76074433e-16 ... -5.35162192e-16
    -2.25514052e-16 -2.97505076e-16]
   [-2.09467860e-16 -1.76941795e-16 -4.33680869e-16 ... -3.00107161e-16
     1.76941795e-16 -2.58907479e-16]
   ...
   [-5.24753851e-17 -5.35595873e-16 -2.98372438e-16 ...  4.92661467e-16
    -1.03487097e-16 -2.57389596e-16]
   [-2.72351586e-16 -2.32452946e-16  1.77592316e-16 ... -9.56808417e-17
    -3.02709247e-16  7.63278329e-17]
   [ 4.12105246e-16 -3.00974523e-16 -2.59774841e-16 ... -2.61292724e-16
     7.97972799e-17 -2.67147415e-16]]

  [[ 8.32667268e-17  4.51895465e-16  4.44089210e-16 ... -1.38777878e-16
    -3.15936513e-16  4.10262102e-16]
   [ 4.48426019e-16  6.34908792e-16  3.46944695e-17 ... -9.36750677e-17
     1.97541636e-16  4.15466272e-16]
   [ 4.42354486e-16  5.20417043e-17  2.87964097e-16 ... -3.17454396e-16
    -4.16333634e-17  1.07552856e-16]
   ...
   [-1.45716772e-16 -1.00613962e-16 -3.19189120e-16 ... -1.31838984e-16
    -1.52655666e-16  6.93889390e-17]
   [-3.28079577e-16  1.99926881e-16 -4.85722573e-17 ... -1.64798730e-16
    -1.38777878e-16 -1.82145965e-16]
   [ 4.01588485e-16  4.07226336e-16  9.71445147e-17 ...  6.59194921e-17
    -1.77809156e-16 -6.38378239e-16]]

  ...

  [[ 1.55040911e-16  7.26415456e-18  3.18755439e-16 ...  4.13081028e-17
     1.21430643e-16 -9.07206168e-17]
   [ 4.66206934e-18 -1.00613962e-16 -1.11022302e-16 ...  9.94213392e-17
    -1.34590147e-16  7.15573434e-17]
   [ 3.19622800e-16 -1.11022302e-16  4.85722573e-17 ...  1.80411242e-16
    -1.70002901e-16  3.01841885e-16]
   ...
   [ 4.56449115e-17  1.04300249e-16  1.80411242e-16 ...  8.23993651e-17
     3.46944695e-16 -2.21394084e-16]
   [ 1.21430643e-16 -1.30266891e-16 -1.71737624e-16 ...  3.46944695e-16
     3.64291930e-17  2.94902991e-16]
   [-9.24282352e-17  7.32920669e-17  3.08780779e-16 ... -2.26489834e-16
     2.98372438e-16  2.60208521e-16]]

  [[-5.55111512e-17 -5.55111512e-17 -3.59521440e-16 ... -2.71484224e-16
    -2.89481980e-17 -1.88217497e-16]
   [-6.24500451e-17  0.00000000e+00  1.35308431e-16 ... -7.07767178e-16
    -2.97505076e-16 -3.40005801e-16]
   [-3.49113100e-16  1.42247325e-16  1.66533454e-16 ...  2.25514052e-17
    -2.22044605e-16 -5.27355937e-16]
   ...
   [-2.64545330e-16 -7.07767178e-16  1.90819582e-17 ... -2.77555756e-16
     7.28583860e-17  2.28983499e-16]
   [-3.58870919e-17 -2.90566182e-16 -2.15105711e-16 ...  4.85722573e-17
    -1.11022302e-16 -3.46944695e-17]
   [-1.88217497e-16 -3.40005801e-16 -5.27355937e-16 ...  2.15105711e-16
    -3.12250226e-17  1.11022302e-16]]

  [[ 2.77555756e-17  3.91342774e-16  2.67635306e-16 ... -3.96167474e-16
    -2.83681498e-16  4.93583039e-17]
   [ 3.91830665e-16  1.58727198e-16 -1.19695920e-16 ...  1.81820704e-16
    -3.46944695e-18 -2.04697370e-16]
   [ 2.69397135e-16 -1.16226473e-16  7.97972799e-17 ...  1.11022302e-16
    -1.57859836e-16  1.91253263e-16]
   ...
   [-3.97034836e-16  1.84964891e-16  1.11022302e-16 ... -3.33934269e-16
     1.45716772e-16  4.61436445e-16]
   [-2.80212051e-16  0.00000000e+00 -1.60461922e-16 ...  1.45716772e-16
    -3.81639165e-17  3.46944695e-17]
   [ 4.71898996e-17 -2.01227923e-16  1.92120625e-16 ...  4.63171168e-16
     3.12250226e-17  6.10622664e-16]]]


 [[[-1.38777878e-17  2.33537148e-16 -2.09901541e-16 ...  4.90059382e-17
    -2.70616862e-16  5.01335085e-16]
   [ 2.30718222e-16 -5.25838054e-18  2.93168267e-16 ... -1.83447008e-16
     4.12105246e-16  3.15719673e-16]
   [-2.16840434e-16  3.07046055e-16 -7.93635990e-17 ... -4.03323208e-17
     3.96384314e-16 -2.61509564e-16]
   ...
   [ 4.90059382e-17 -1.79543880e-16 -4.20670443e-17 ...  2.76688394e-16
    -9.42713789e-17 -1.31838984e-16]
   [-2.72351586e-16  4.12864187e-16  4.07660017e-16 ... -9.16692937e-17
    -1.88000657e-16  5.93058588e-17]
   [ 5.01335085e-16  3.10515502e-16 -2.67581096e-16 ... -1.33573708e-16
     5.24211750e-17 -2.19008839e-17]]

  [[ 3.92047506e-16 -5.93492269e-16 -3.02709247e-16 ...  2.64545330e-16
     3.53449908e-17  3.04443970e-16]
   [-5.88721780e-16 -1.90819582e-17 -7.80625564e-17 ... -9.97465999e-17
    -3.01841885e-16  7.63278329e-16]
   [-3.06178694e-16 -7.80625564e-17 -2.50992803e-17 ...  3.81639165e-16
     3.83373888e-16  1.37043155e-16]
   ...
   [ 2.55871713e-16 -9.80118764e-17  3.85108612e-16 ... -1.04083409e-17
     6.63531730e-17  3.21357524e-16]
   [ 3.44776291e-17 -3.03576608e-16  3.79470760e-16 ...  6.96057795e-17
    -3.10515502e-16 -2.30718222e-16]
   [ 3.07046055e-16  7.70217223e-16  1.24466409e-16 ...  3.28296418e-16
    -2.28983499e-16  7.63278329e-17]]

  [[-2.49800181e-16 -4.33680869e-18 -1.56890831e-16 ...  3.77736037e-16
     8.60856525e-17 -2.60642202e-16]
   [ 3.46944695e-18  1.73472348e-16  2.57823277e-16 ... -1.04083409e-16
    -2.30718222e-16  1.50920942e-16]
   [-1.58625554e-16  2.53486468e-16 -2.46330734e-16 ... -1.70219741e-17
     1.07552856e-16 -4.23272528e-16]
   ...
   [ 3.72531866e-16 -9.02056208e-17 -1.52872506e-17 ...  1.56125113e-16
     3.19189120e-16 -1.40512602e-16]
   [ 9.82287168e-17 -2.22044605e-16  1.11022302e-16 ...  3.12250226e-16
    -2.98372438e-16  1.95156391e-16]
   [-2.51101223e-16  1.53089347e-16 -4.16333634e-16 ... -1.35308431e-16
     1.89952221e-16  4.85722573e-17]]

  ...

  [[ 5.24753851e-17  7.93635990e-17 -9.10729825e-17 ...  1.94614290e-16
    -5.62700928e-17 -1.61329283e-16]
   [ 7.24247051e-17  4.59701721e-16  3.26128013e-16 ...  1.58727198e-16
    -2.57389596e-16  2.59341160e-16]
   [-9.10729825e-17  3.26128013e-16 -1.16226473e-16 ...  2.15105711e-16
     4.16333634e-17 -2.30718222e-16]
   ...
   [ 1.93530088e-16  1.64798730e-16  2.18575158e-16 ... -1.55257751e-16
    -2.12720466e-16 -3.12250226e-16]
   [-5.62700928e-17 -2.55654872e-16  3.81639165e-17 ... -2.14455190e-16
     1.11022302e-16  3.83373888e-16]
   [-1.57859836e-16  2.58473798e-16 -2.23779328e-16 ... -3.26128013e-16
     3.81639165e-16 -5.55111512e-17]]

  [[ 1.69135539e-17  3.92155926e-16  2.55492242e-16 ... -3.89879101e-16
    -2.75875243e-16  4.90872534e-17]
   [ 3.93023288e-16  1.66533454e-16 -1.19695920e-16 ...  1.84477000e-16
    -3.46944695e-18 -2.05564732e-16]
   [ 2.53784624e-16 -1.19695920e-16  7.97972799e-17 ...  1.11022302e-16
    -1.52655666e-16  1.92120625e-16]
   ...
   [-3.92481186e-16  1.84639630e-16  1.11022302e-16 ... -3.39138440e-16
     1.49186219e-16  4.64905892e-16]
   [-2.73273158e-16 -3.46944695e-18 -1.50920942e-16 ...  1.52655666e-16
    -2.77555756e-17  3.46944695e-17]
   [ 4.88704129e-17 -2.00360561e-16  1.88651178e-16 ...  4.64905892e-16
     3.46944695e-17  6.19296281e-16]]

  [[ 2.77555756e-16 -1.96891115e-16 -5.88288099e-16 ...  9.97465999e-18
    -1.40404181e-17 -1.89735380e-17]
   [-1.91686944e-16 -7.21644966e-16  0.00000000e+00 ...  1.17961196e-16
    -3.22658567e-16  1.59594560e-16]
   [-5.81349205e-16 -1.38777878e-17  2.22044605e-16 ... -2.81025203e-16
    -7.18175519e-16 -1.42247325e-16]
   ...
   [ 2.03830008e-17  1.24900090e-16 -2.75821033e-16 ...  0.00000000e+00
     1.16226473e-16  1.87350135e-16]
   [-1.14383329e-17 -3.24393290e-16 -7.11236625e-16 ...  1.30104261e-16
     2.22044605e-16  6.08887940e-16]
   [-1.63714528e-17  1.50920942e-16 -1.42247325e-16 ...  1.73472348e-16
     6.05418493e-16 -1.66533454e-16]]]]
The sum of difference: 9.505851933101469e-13
Time taken: 61.79 mins
