The number of orbitals is 8
Google yields: 32
Using gradient: True
Using alpha = 17
Sum of square is 1.1152942969279374e-27
The solution is
[ 1.06546284e-01 -1.96800388e-03 -2.06554304e-02 ...  1.27042406e+00
  1.16495580e+00  5.15296582e+00]
The difference is
[[[[-8.88178420e-16 -1.94289029e-16 -5.10008702e-16 ...  1.94289029e-16
    -6.17995238e-16 -1.52655666e-16]
   [-1.94289029e-16  4.44089210e-16  3.19189120e-16 ... -9.99200722e-16
    -7.59808882e-16  1.45716772e-16]
   [-5.06539255e-16  3.33066907e-16  5.55111512e-16 ... -1.87350135e-16
    -5.82867088e-16  2.22044605e-16]
   ...
   [ 1.66533454e-16 -9.71445147e-16 -1.87350135e-16 ... -3.33066907e-16
    -7.04297731e-16 -3.33066907e-16]
   [-6.16694196e-16 -7.59808882e-16 -5.82867088e-16 ... -7.11236625e-16
     0.00000000e+00 -5.13478149e-16]
   [-1.52655666e-16  1.24900090e-16  2.49800181e-16 ... -3.40005801e-16
    -5.13478149e-16 -5.55111512e-17]]

  [[-2.22044605e-16  2.94902991e-16 -1.91686944e-16 ... -7.21644966e-16
     2.76471554e-17 -3.81639165e-17]
   [ 2.94902991e-16 -2.02095285e-16 -9.08127740e-16 ... -1.65666092e-16
     7.79324522e-16  4.33680869e-16]
   [-1.93421668e-16 -9.00321484e-16  4.36499795e-16 ... -5.97178557e-16
    -4.44956572e-16 -6.00214323e-16]
   ...
   [-7.25114413e-16 -1.62196645e-16 -5.96961716e-16 ...  3.07479736e-16
    -1.79543880e-16  9.24173932e-16]
   [ 2.94902991e-17  7.81492926e-16 -4.48859699e-16 ... -1.74773390e-16
     3.33066907e-16  3.25694333e-16]
   [-4.16333634e-17  4.35415592e-16 -5.95877514e-16 ...  9.23306570e-16
     3.27862737e-16  5.49907342e-16]]

  [[-5.34294831e-16 -1.96023753e-16 -7.84095011e-16 ... -6.03683770e-16
    -5.66820896e-16 -1.58727198e-16]
   [-1.95156391e-16 -2.25514052e-17 -1.47451495e-17 ... -6.16477355e-16
    -8.32667268e-17 -3.59087760e-16]
   [-7.88431820e-16 -1.64798730e-17 -2.77338916e-16 ... -9.88792381e-17
    -2.79507320e-16  6.92805188e-16]
   ...
   [-5.99346961e-16 -6.13007908e-16 -9.97465999e-17 ... -8.34401992e-16
    -3.98119038e-16  5.33427469e-16]
   [-5.65519853e-16 -8.80372164e-17 -2.76254714e-16 ... -3.98119038e-16
     1.38973034e-15 -5.51208384e-16]
   [-1.63931368e-16 -3.60822483e-16  6.94756752e-16 ...  5.33427469e-16
    -5.49473661e-16  6.65049613e-16]]

  ...

  [[ 2.77555756e-17 -7.35522754e-16 -6.04551131e-16 ...  2.42861287e-16
     9.89985004e-16 -1.90819582e-16]
   [-7.32053307e-16  3.69496100e-16 -5.34294831e-16 ...  7.22512328e-16
     5.43835810e-16 -4.73579509e-16]
   [-6.01081684e-16 -5.37764278e-16  4.33247188e-16 ...  2.18439633e-16
    -5.64218811e-16  2.84494650e-16]
   ...
   [ 2.49800181e-16  7.25981775e-16  2.19740675e-16 ... -7.79758202e-16
    -2.93168267e-16  2.19442520e-16]
   [ 9.88575541e-16  5.45570533e-16 -5.62484087e-16 ... -2.86663054e-16
     7.62844649e-16 -1.81712284e-16]
   [-1.94289029e-16 -4.77048956e-16  2.88831459e-16 ...  2.17707796e-16
    -1.81712284e-16  1.73472348e-17]]

  [[-6.38811920e-16  2.82976767e-17 -5.66820896e-16 ...  9.89442903e-16
     2.81025203e-16 -2.11311003e-16]
   [ 2.82976767e-17  2.10768902e-16 -3.64291930e-16 ... -1.99493200e-17
     2.42861287e-17  3.48462578e-16]
   [-5.69856662e-16 -3.66026653e-16  2.42861287e-17 ...  1.28369537e-16
    -7.24897573e-16  9.20704485e-16]
   ...
   [ 9.87599759e-16 -1.99493200e-17  1.31838984e-16 ...  1.83447008e-16
     2.53269627e-16 -4.55798593e-16]
   [ 2.74086309e-16  2.77555756e-17 -7.24247051e-16 ...  2.51534904e-16
     5.93492269e-16  2.03830008e-16]
   [-2.13045727e-16  3.49546780e-16  9.15500314e-16 ... -4.59268040e-16
     1.99710040e-16  9.09699833e-16]]

  [[-1.24900090e-16 -3.81639165e-17 -1.53523028e-16 ... -2.04697370e-16
    -2.22586706e-16  5.22151766e-16]
   [-4.33680869e-17 -6.64399091e-16  6.27969898e-16 ... -2.85362012e-16
    -1.09721260e-16 -3.57353036e-16]
   [-1.55257751e-16  6.26235175e-16  6.99527242e-16 ... -1.70002901e-16
     7.40943765e-16  1.88217497e-16]
   ...
   [-2.04697370e-16 -2.86229374e-16 -1.79110199e-16 ... -1.43982049e-16
    -3.85759133e-16 -4.64905892e-16]
   [-2.21719344e-16 -1.07552856e-16  7.46147935e-16 ... -3.84241250e-16
    -4.87240456e-16 -4.10370522e-16]
   [ 5.22151766e-16 -3.59087760e-16  1.91253263e-16 ... -4.64905892e-16
    -4.12538927e-16 -5.56195714e-16]]]


 [[[-1.94289029e-16  2.91433544e-16 -1.85615412e-16 ... -7.25114413e-16
     3.13334428e-17 -4.85722573e-17]
   [ 2.94902991e-16 -2.02095285e-16 -9.10729825e-16 ... -1.69135539e-16
     7.76722436e-16  4.40619763e-16]
   [-1.82145965e-16 -9.11597187e-16  4.26091454e-16 ... -6.00214323e-16
    -4.43221848e-16 -6.00214323e-16]
   ...
   [-7.25114413e-16 -1.63931368e-16 -6.00214323e-16 ...  3.10949183e-16
    -1.76074433e-16  9.21138166e-16]
   [ 3.31765865e-17  7.80625564e-16 -4.47124976e-16 ... -1.67834496e-16
     3.33066907e-16  3.19622800e-16]
   [-5.20417043e-17  4.40619763e-16 -6.02816408e-16 ...  9.18536081e-16
     3.27862737e-16  5.70724024e-16]]

  [[ 4.44089210e-16 -2.15973073e-16 -3.72965547e-17 ...  3.54750951e-16
     2.02312125e-16 -6.85215773e-16]
   [-2.15973073e-16 -5.55111512e-16 -7.00828284e-16 ...  2.08166817e-16
     3.03576608e-16 -2.94902991e-16]
   [-4.59701721e-17 -7.00828284e-16  1.38777878e-15 ...  4.16333634e-17
    -6.24500451e-17  8.32667268e-16]
   ...
   [ 3.54750951e-16  2.22044605e-16  4.94396191e-17 ... -7.21644966e-16
    -1.48318857e-16 -1.05297715e-15]
   [ 2.21394084e-16  2.98372438e-16 -5.20417043e-17 ... -1.49186219e-16
    -5.55111512e-17  2.42861287e-17]
   [-6.85215773e-16 -2.93168267e-16  8.32667268e-16 ... -1.04430353e-15
     2.42861287e-17  5.55111512e-16]]

  [[ 3.05311332e-16 -9.08995101e-16 -1.38777878e-17 ... -5.29090660e-16
    -3.66026653e-16  6.21031004e-16]
   [-9.08995101e-16 -7.16440796e-16  4.44089210e-16 ... -5.91540705e-16
    -3.46077333e-16  1.52655666e-16]
   [-1.56125113e-17  4.44089210e-16  1.00613962e-16 ... -3.52148866e-16
    -2.60208521e-16  2.41993925e-16]
   ...
   [-5.37764278e-16 -6.01949046e-16 -3.57353036e-16 ...  7.63278329e-17
    -1.10675358e-15  3.46944695e-17]
   [-3.66026653e-16 -3.46077333e-16 -2.63677968e-16 ... -1.11022302e-15
     4.11129464e-16 -6.41847686e-17]
   [ 6.21031004e-16  1.50920942e-16  2.38524478e-16 ...  4.16333634e-17
    -5.89805982e-17 -8.41340886e-16]]

  ...

  [[-1.05471187e-15 -1.48318857e-16 -6.16694196e-16 ...  7.39209041e-16
    -1.90819582e-17 -2.77989437e-16]
   [-1.47451495e-16  2.84494650e-16 -5.85469173e-16 ... -2.91433544e-16
    -5.34132200e-16  1.12757026e-16]
   [-6.22982568e-16 -5.89805982e-16  5.20417043e-16 ...  4.87890978e-17
    -1.07205911e-15 -4.02455846e-16]
   ...
   [ 7.35739594e-16 -2.63677968e-16  4.98732999e-17 ...  2.98372438e-16
     4.75964754e-16 -1.65232411e-16]
   [-2.05998413e-17 -5.33481679e-16 -1.06512021e-15 ...  4.75964754e-16
    -4.09394740e-16 -2.90566182e-17]
   [-2.78423118e-16  1.11889664e-16 -3.88578059e-16 ... -1.65232411e-16
    -2.55871713e-17 -2.70616862e-16]]

  [[-7.73686670e-16  7.91467586e-16 -9.49761103e-17 ...  5.48172618e-16
     5.20417043e-18 -1.09504419e-16]
   [ 7.91467586e-16  2.89698820e-16 -3.43475248e-16 ... -5.26054894e-16
    -4.75314232e-16 -7.02563008e-16]
   [-9.02056208e-17 -3.43475248e-16  8.04911693e-16 ...  3.08780779e-16
    -9.28077060e-17 -3.61689845e-16]
   ...
   [ 5.48172618e-16 -5.27789618e-16  3.08780779e-16 ... -2.90566182e-16
    -2.94035629e-16  5.06972936e-16]
   [ 6.93889390e-18 -4.75314232e-16 -9.19403442e-17 ... -2.94902991e-16
    -1.37043155e-16 -4.00721123e-16]
   [-1.05601292e-16 -7.04297731e-16 -3.59955121e-16 ...  5.09575021e-16
    -3.97251676e-16  9.73179870e-16]]

  [[ 1.11022302e-16  4.35415592e-16 -3.47812057e-16 ... -4.64905892e-16
     3.48245738e-16 -3.60822483e-16]
   [ 4.44089210e-16 -2.87964097e-16  1.52655666e-16 ...  1.13624388e-16
    -7.06032455e-16 -8.25728375e-16]
   [-3.57353036e-16  1.56125113e-16  2.48119667e-16 ...  1.83880688e-16
    -1.47451495e-16 -8.30065183e-16]
   ...
   [-4.68375339e-16  1.12757026e-16  1.90819582e-16 ...  2.15105711e-16
    -2.82759927e-16 -2.25514052e-16]
   [ 3.53016227e-16 -7.06032455e-16 -1.49186219e-16 ... -2.82759927e-16
    -9.71445147e-17  4.47558657e-16]
   [-3.62557206e-16 -8.18789481e-16 -8.26595736e-16 ... -2.23779328e-16
     4.49293380e-16  4.73579509e-16]]]


 [[[-5.23886490e-16 -1.96023753e-16 -7.84962373e-16 ... -6.04551131e-16
    -5.61616725e-16 -1.58727198e-16]
   [-1.94289029e-16 -2.94902991e-17 -1.47451495e-17 ... -6.16043674e-16
    -8.45677695e-17 -3.55618313e-16]
   [-7.92768629e-16 -1.47451495e-17 -2.79073639e-16 ... -1.02348685e-16
    -2.76905235e-16  6.90853624e-16]
   ...
   [-6.00214323e-16 -6.20597324e-16 -1.02348685e-16 ... -8.30065183e-16
    -3.98986399e-16  5.36896916e-16]
   [-5.63351449e-16 -8.80372164e-17 -2.75387352e-16 ... -3.98986399e-16
     1.40013869e-15 -5.48606299e-16]
   [-1.62196645e-16 -3.57353036e-16  6.99744082e-16 ...  5.33427469e-16
    -5.49473661e-16  6.70253783e-16]]

  [[ 3.33066907e-16 -9.14199272e-16 -1.38777878e-17 ... -5.37764278e-16
    -3.71230824e-16  6.12357387e-16]
   [-9.14199272e-16 -7.23379689e-16  4.30211422e-16 ... -5.75928194e-16
    -3.46077333e-16  1.49186219e-16]
   [-1.30104261e-17  4.44089210e-16  9.71445147e-17 ... -3.50414142e-16
    -2.60208521e-16  2.43728648e-16]
   ...
   [-5.46437895e-16 -5.86336535e-16 -3.53883589e-16 ...  9.36750677e-17
    -1.11022302e-15  2.77555756e-17]
   [-3.68628739e-16 -3.46077333e-16 -2.60208521e-16 ... -1.09981468e-15
     4.12864187e-16 -5.72458747e-17]
   [ 6.14092110e-16  1.50920942e-16  2.41993925e-16 ...  2.77555756e-17
    -5.89805982e-17 -8.43075609e-16]]

  [[ 4.44089210e-16  4.16333634e-16 -2.63677968e-16 ...  4.16767315e-16
     1.60461922e-17  6.66784336e-16]
   [ 3.98986399e-16  1.27675648e-15  7.80625564e-17 ...  4.51028104e-16
     8.08381140e-16  2.39391840e-16]
   [-2.58473798e-16  8.15320034e-17 -7.77156117e-16 ...  7.92768629e-16
    -1.83880688e-16 -4.51028104e-17]
   ...
   [ 4.13297868e-16  4.37150316e-16  7.97972799e-16 ... -4.99600361e-16
     5.82867088e-16  8.40039843e-16]
   [ 9.97465999e-18  8.11850587e-16 -1.87350135e-16 ...  5.82867088e-16
    -1.11022302e-15 -9.02056208e-17]
   [ 6.87601018e-16  2.37657116e-16 -4.16333634e-17 ...  8.34835673e-16
    -9.02056208e-17  8.88178420e-16]]

  ...

  [[-1.93421668e-16 -5.99563801e-16 -1.09721260e-16 ...  2.22478286e-16
     1.23599048e-16 -1.78242837e-16]
   [-6.00431163e-16  3.38271078e-17 -3.86843335e-16 ...  4.98732999e-17
     3.29597460e-16  2.18575158e-16]
   [-1.04083409e-16 -3.86843335e-16  8.20524204e-16 ... -1.04083409e-16
     5.08273978e-16 -3.83265468e-17]
   ...
   [ 2.20580932e-16  4.98732999e-17 -1.11022302e-16 ... -3.64291930e-16
     2.48065457e-16  1.28369537e-16]
   [ 1.28586378e-16  3.27862737e-16  5.04804532e-16 ...  2.48065457e-16
     3.03576608e-16 -5.10008702e-16]
   [-1.74773390e-16  2.18575158e-16 -4.17417836e-17 ...  1.24900090e-16
    -5.06539255e-16 -6.07153217e-17]]

  [[-5.27355937e-16 -4.47992338e-16 -2.77122075e-16 ... -5.83300769e-16
    -7.35739594e-16  7.46581616e-16]
   [-4.49727061e-16 -6.59194921e-17 -2.84494650e-16 ... -1.06165077e-15
    -6.63531730e-17 -1.30104261e-16]
   [-2.79073639e-16 -2.77555756e-16 -1.49186219e-16 ...  4.47558657e-16
     1.00613962e-15  2.98372438e-16]
   ...
   [-5.82216567e-16 -1.05471187e-15  4.42354486e-16 ... -8.43075609e-16
    -6.08887940e-16  9.05525654e-16]
   [-7.40076403e-16 -6.63531730e-17  1.00613962e-15 ... -6.00214323e-16
     9.71445147e-17 -5.60315683e-16]
   [ 7.48099499e-16 -1.30537942e-16  2.91433544e-16 ...  9.05525654e-16
    -5.56846236e-16  7.11236625e-16]]

  [[ 3.05311332e-16 -6.07153217e-16  6.97677322e-16 ...  2.58907479e-16
     9.20270804e-16  1.99059519e-16]
   [-6.05418493e-16  8.81239526e-16  2.24213009e-16 ... -4.16333634e-16
    -3.33934269e-16 -8.18355800e-16]
   [ 6.98978364e-16  2.17274115e-16  3.46944695e-18 ... -8.47846099e-17
     2.74086309e-16 -1.17961196e-16]
   ...
   [ 2.62376926e-16 -4.16333634e-16 -8.84708973e-17 ... -4.05925293e-16
    -7.80625564e-16 -8.55218674e-16]
   [ 9.21138166e-16 -3.33934269e-16  2.77555756e-16 ... -7.73686670e-16
    -1.02695630e-15 -9.75781955e-17]
   [ 2.02528966e-16 -8.14018991e-16 -1.17961196e-16 ... -8.55218674e-16
    -9.23740251e-17  7.32053307e-16]]]


 ...


 [[[ 5.55111512e-17 -7.32053307e-16 -6.04551131e-16 ...  2.42861287e-16
     9.89226062e-16 -1.87350135e-16]
   [-7.32053307e-16  3.69496100e-16 -5.29090660e-16 ...  7.25981775e-16
     5.44703171e-16 -4.70110062e-16]
   [-6.04551131e-16 -5.29090660e-16  4.26308294e-16 ...  2.20580932e-16
    -5.64652491e-16  2.80157841e-16]
   ...
   [ 2.49800181e-16  7.31185945e-16  2.22315655e-16 ... -7.90166543e-16
    -2.96204034e-16  2.22911967e-16]
   [ 9.92695509e-16  5.49907342e-16 -5.62484087e-16 ... -2.94469310e-16
     7.55905755e-16 -1.83880688e-16]
   [-1.94289029e-16 -4.70110062e-16  2.82326246e-16 ...  2.14238349e-16
    -1.84748050e-16  3.46944695e-18]]

  [[-1.05471187e-15 -1.51788304e-16 -6.18428919e-16 ...  7.35739594e-16
    -1.34441069e-17 -2.83627288e-16]
   [-1.48318857e-16  2.77555756e-16 -5.91540705e-16 ... -2.91433544e-16
    -5.33752730e-16  1.12757026e-16]
   [-6.15393153e-16 -5.88071258e-16  5.34294831e-16 ...  4.20670443e-17
    -1.06512021e-15 -4.02455846e-16]
   ...
   [ 7.32270147e-16 -2.84494650e-16  4.14165230e-17 ...  2.84494650e-16
     4.82686807e-16 -1.63064007e-16]
   [-1.43114687e-17 -5.37059546e-16 -1.06858966e-15 ...  4.76832115e-16
    -4.23272528e-16 -2.25514052e-17]
   [-2.85362012e-16  1.12757026e-16 -3.88578059e-16 ... -1.70002901e-16
    -2.34187669e-17 -2.70616862e-16]]

  [[-1.97324795e-16 -6.01949046e-16 -1.04950770e-16 ...  2.20364092e-16
     1.19912760e-16 -1.75207071e-16]
   [-6.02599567e-16  3.46944695e-17 -3.86843335e-16 ...  4.59701721e-17
     3.29597460e-16  2.18575158e-16]
   [-1.05818132e-16 -3.83373888e-16  8.13585310e-16 ... -1.07552856e-16
     4.97865638e-16 -4.19586241e-17]
   ...
   [ 2.19442520e-16  4.42354486e-17 -1.11022302e-16 ... -3.60822483e-16
     2.48065457e-16  1.21430643e-16]
   [ 1.28586378e-16  3.33066907e-16  5.01335085e-16 ...  2.48065457e-16
     3.03576608e-16 -5.13478149e-16]
   [-1.71737624e-16  2.22044605e-16 -4.52112306e-17 ...  1.21430643e-16
    -5.13478149e-16 -5.89805982e-17]]

  ...

  [[-6.10622664e-16  3.63424568e-16 -8.37004077e-16 ... -7.91033905e-16
     1.76724954e-16 -1.47451495e-16]
   [ 3.59955121e-16 -7.21644966e-16  7.28583860e-17 ...  9.02056208e-17
    -3.00974523e-16  2.08166817e-16]
   [-8.44376652e-16  7.28583860e-17 -4.44089210e-16 ... -3.63424568e-16
    -7.94503352e-16 -4.02455846e-16]
   ...
   [-8.15320034e-16  9.02056208e-17 -3.66894015e-16 ... -1.66533454e-16
     3.53883589e-16  5.17381277e-16]
   [ 1.78676518e-16 -2.95770353e-16 -7.96238075e-16 ...  3.52148866e-16
     5.55111512e-17  3.29597460e-16]
   [-1.43982049e-16  2.15105711e-16 -3.95516953e-16 ...  5.18573899e-16
     3.26128013e-16  2.22044605e-16]]

  [[-7.35522754e-16 -1.72171305e-16 -3.96817995e-16 ... -2.94902991e-16
     2.22044605e-16 -3.84458090e-16]
   [-1.72171305e-16 -1.40512602e-16 -1.12757026e-15 ...  4.67941658e-16
    -3.25260652e-16 -2.87964097e-16]
   [-4.04190570e-16 -1.11369247e-15  5.79397641e-16 ...  2.42861287e-16
    -6.19296281e-16 -7.84095011e-16]
   ...
   [-2.92734587e-16  4.68592179e-16  2.41126563e-16 ...  3.49546780e-16
     7.00828284e-16  2.68882139e-16]
   [ 2.22044605e-16 -3.27862737e-16 -6.15826834e-16 ...  7.00828284e-16
     6.93889390e-18  6.17561557e-16]
   [-3.83590729e-16 -2.87964097e-16 -7.84095011e-16 ...  2.68882139e-16
     6.14092110e-16 -4.56232274e-16]]

  [[-3.46944695e-16  9.23306570e-16  5.38631639e-16 ...  2.23345648e-16
    -4.63333798e-16 -4.87457297e-16]
   [ 9.30245464e-16 -1.05818132e-15  5.55111512e-17 ... -1.66967135e-16
     5.08057138e-16 -2.88831459e-16]
   [ 5.39499001e-16  4.16333634e-17  8.55218674e-16 ...  8.32667268e-17
     8.74300632e-16 -9.48893741e-16]
   ...
   [ 2.19442520e-16 -1.63064007e-16  9.02056208e-17 ...  5.04696111e-16
     2.66280054e-16 -1.78329573e-15]
   [-4.65447993e-16  5.07840298e-16  8.74300632e-16 ...  2.63677968e-16
     8.36136715e-16 -7.71951947e-16]
   [-4.87457297e-16 -2.85362012e-16 -9.52363188e-16 ... -1.78329573e-15
    -7.66747776e-16 -2.25514052e-16]]]


 [[[-6.52256027e-16  2.84060969e-17 -5.64652491e-16 ...  9.91177626e-16
     2.81025203e-16 -2.15647812e-16]
   [ 2.59124319e-17  2.07299455e-16 -3.64291930e-16 ... -2.29850861e-17
     1.47451495e-17  3.46511014e-16]
   [-5.70290343e-16 -3.63424568e-16  2.60208521e-17 ...  1.22731686e-16
    -7.24030211e-16  9.12898229e-16]
   ...
   [ 9.89334482e-16 -2.23345648e-17  1.27935856e-16 ...  1.77809156e-16
     2.44596010e-16 -4.60677503e-16]
   [ 2.81025203e-16  1.82145965e-17 -7.23596530e-16 ...  2.48065457e-16
     5.99563801e-16  2.03179487e-16]
   [-2.16515174e-16  3.46944695e-16  9.19403442e-16 ... -4.60785923e-16
     2.01444764e-16  9.05850915e-16]]

  [[-7.73686670e-16  7.87130777e-16 -8.80372164e-17 ...  5.48172618e-16
     3.46944695e-18 -1.06902334e-16]
   [ 7.87130777e-16  2.91433544e-16 -3.43475248e-16 ... -5.26271735e-16
    -4.68375339e-16 -7.06032455e-16]
   [-8.45677695e-17 -3.46944695e-16  7.97972799e-16 ...  3.12250226e-16
    -9.28077060e-17 -3.59955121e-16]
   ...
   [ 5.46437895e-16 -5.30174862e-16  3.12250226e-16 ... -3.00107161e-16
    -2.95770353e-16  5.05888734e-16]
   [ 8.67361738e-19 -4.64905892e-16 -9.10729825e-17 ... -2.93168267e-16
    -1.40512602e-16 -4.04190570e-16]
   [-1.05601292e-16 -7.04297731e-16 -3.59087760e-16 ...  5.10008702e-16
    -4.04190570e-16  9.70577785e-16]]

  [[-5.27355937e-16 -4.49293380e-16 -2.75821033e-16 ... -5.80265003e-16
    -7.27933339e-16  7.43762690e-16]
   [-4.51028104e-16 -5.89805982e-17 -2.84494650e-16 ... -1.06165077e-15
    -6.85215773e-17 -1.32706346e-16]
   [-2.75170511e-16 -2.84494650e-16 -1.49186219e-16 ...  4.42354486e-16
     1.00613962e-15  2.94902991e-16]
   ...
   [-5.81999726e-16 -1.06165077e-15  4.42354486e-16 ... -8.36136715e-16
    -6.08887940e-16  9.05525654e-16]
   [-7.31836466e-16 -6.67868538e-17  1.00613962e-15 ... -6.01949046e-16
     7.97972799e-17 -5.55111512e-16]
   [ 7.47232137e-16 -1.30537942e-16  2.87964097e-16 ...  9.08995101e-16
    -5.48172618e-16  7.04297731e-16]]

  ...

  [[-7.25114413e-16 -1.69569220e-16 -3.99853761e-16 ... -2.98372438e-16
     2.18575158e-16 -3.88144378e-16]
   [-1.66099773e-16 -1.32706346e-16 -1.11716192e-15 ...  4.68375339e-16
    -3.26561694e-16 -2.86229374e-16]
   [-4.04190570e-16 -1.11369247e-15  5.89805982e-16 ...  2.42861287e-16
    -6.08887940e-16 -7.84095011e-16]
   ...
   [-2.97505076e-16  4.77048956e-16  2.39391840e-16 ...  3.52148866e-16
     7.07767178e-16  2.66280054e-16]
   [ 2.18575158e-16 -3.31765865e-16 -6.05418493e-16 ...  7.00828284e-16
     8.67361738e-18  6.14092110e-16]
   [-3.87060176e-16 -2.87964097e-16 -7.84095011e-16 ...  2.68014777e-16
     6.14092110e-16 -4.52762827e-16]]

  [[ 5.55111512e-17  3.41740525e-16  1.38734510e-15 ...  6.82613688e-16
     5.92733328e-16 -4.95263552e-16]
   [ 3.34801631e-16 -2.22044605e-16  4.09394740e-16 ... -7.35522754e-16
    -1.33573708e-16 -1.40512602e-16]
   [ 1.38387565e-15  4.19803081e-16 -1.22124533e-15 ...  2.91433544e-16
     6.93889390e-18 -1.26981758e-15]
   ...
   [ 6.82613688e-16 -7.49400542e-16  2.94902991e-16 ... -2.77555756e-16
     6.76542156e-17  9.43689571e-16]
   [ 6.02491147e-16 -1.34441069e-16  2.08166817e-17 ...  7.28583860e-17
     4.99600361e-16  6.52256027e-16]
   [-4.95263552e-16 -1.37043155e-16 -1.26981758e-15 ...  9.36750677e-16
     6.52256027e-16  1.66533454e-16]]

  [[-5.15429713e-16  3.20056481e-16 -5.48172618e-16 ... -1.80844922e-16
     1.87512766e-16 -4.16414949e-16]
   [ 3.20923843e-16  1.73472348e-17 -6.07153217e-17 ... -2.60208521e-17
    -4.83987850e-16  4.74446871e-16]
   [-5.47305257e-16 -5.37764278e-17 -2.77555756e-17 ... -4.94396191e-16
    -5.41233725e-16 -9.23740251e-17]
   ...
   [-1.81712284e-16 -2.73218947e-17 -4.99600361e-16 ...  3.31332184e-16
     4.68375339e-16 -6.81746326e-16]
   [ 1.85019101e-16 -4.85722573e-16 -5.42101086e-16 ...  4.64905892e-16
     6.50521303e-16  2.94902991e-16]
   [-4.10777098e-16  4.73579509e-16 -9.97465999e-17 ... -6.81746326e-16
     2.87964097e-16  4.26741975e-16]]]


 [[[-1.38777878e-16 -4.51028104e-17 -1.52655666e-16 ... -1.97758476e-16
    -2.14129929e-16  5.18682319e-16]
   [-4.85722573e-17 -6.62664368e-16  6.26235175e-16 ... -2.83627288e-16
    -1.11455983e-16 -3.59087760e-16]
   [-1.49186219e-16  6.24500451e-16  6.94323071e-16 ... -1.76508114e-16
     7.36173275e-16  1.88651178e-16]
   ...
   [-2.01227923e-16 -2.84060969e-16 -1.76941795e-16 ... -1.37043155e-16
    -3.87060176e-16 -4.68375339e-16]
   [-2.11527844e-16 -1.11022302e-16  7.41160605e-16 ... -3.83807569e-16
    -4.97648797e-16 -4.11237884e-16]
   [ 5.15212872e-16 -3.57353036e-16  1.90385901e-16 ... -4.66640615e-16
    -4.14707331e-16 -5.52726268e-16]]

  [[ 1.17961196e-16  4.34548231e-16 -3.56485674e-16 ... -4.63171168e-16
     3.48028897e-16 -3.65159292e-16]
   [ 4.38885039e-16 -2.93168267e-16  1.59594560e-16 ...  1.07552856e-16
    -7.02563008e-16 -8.15320034e-16]
   [-3.57353036e-16  1.59594560e-16  2.51589114e-16 ...  1.90819582e-16
    -1.48752538e-16 -8.33534630e-16]
   ...
   [-4.66640615e-16  1.05818132e-16  1.90819582e-16 ...  2.25514052e-16
    -2.84494650e-16 -2.24646690e-16]
   [ 3.49329940e-16 -7.00828284e-16 -1.47017815e-16 ... -2.84494650e-16
    -1.14491749e-16  4.53630189e-16]
   [-3.61689845e-16 -8.15320034e-16 -8.31799907e-16 ... -2.26381414e-16
     4.57966998e-16  4.59701721e-16]]

  [[ 2.77555756e-16 -6.03250089e-16  6.94207875e-16 ...  2.63244287e-16
     9.15717155e-16  1.95156391e-16]
   [-6.04984812e-16  8.81239526e-16  2.19008839e-16 ... -4.09394740e-16
    -3.35668993e-16 -8.19223162e-16]
   [ 6.92906832e-16  2.12069945e-16 -3.46944695e-18 ... -7.95804395e-17
     2.74086309e-16 -1.04083409e-16]
   ...
   [ 2.67581096e-16 -4.09394740e-16 -8.67361738e-17 ... -4.12864187e-16
    -7.73686670e-16 -8.55218674e-16]
   [ 9.20053964e-16 -3.35668993e-16  2.77555756e-16 ... -7.73686670e-16
    -1.02695630e-15 -9.06393016e-17]
   [ 1.95156391e-16 -8.19223162e-16 -1.04083409e-16 ... -8.55218674e-16
    -9.06393016e-17  7.18175519e-16]]

  ...

  [[-3.40005801e-16  9.26342336e-16  5.42101086e-16 ...  2.21177243e-16
    -4.66315354e-16 -4.92661467e-16]
   [ 9.32413868e-16 -1.06165077e-15  4.16333634e-17 ... -1.62196645e-16
     5.04154010e-16 -2.78423118e-16]
   [ 5.39499001e-16  4.16333634e-17  8.43509290e-16 ...  8.67361738e-17
     8.81239526e-16 -9.47159018e-16]
   ...
   [ 2.21610924e-16 -1.63064007e-16  9.36750677e-17 ...  5.02310867e-16
     2.65412692e-16 -1.79717352e-15]
   [-4.67074296e-16  5.08273978e-16  8.77770079e-16 ...  2.64979011e-16
     8.36136715e-16 -7.65013053e-16]
   [-4.92661467e-16 -2.80157841e-16 -9.45424294e-16 ... -1.79717352e-15
    -7.65013053e-16 -2.22044605e-16]]

  [[-5.22151766e-16  3.19622800e-16 -5.45136852e-16 ... -1.76508114e-16
     1.85344361e-16 -4.15981269e-16]
   [ 3.20490162e-16  2.08166817e-17 -5.72458747e-17 ... -2.73218947e-17
    -4.83987850e-16  4.81385765e-16]
   [-5.43402129e-16 -5.03069808e-17 -3.81639165e-17 ... -4.97865638e-16
    -5.40366363e-16 -9.62771529e-17]
   ...
   [-1.79110199e-16 -2.60208521e-17 -4.99600361e-16 ...  3.33066907e-16
     4.64905892e-16 -6.80011603e-16]
   [ 1.82850696e-16 -4.83987850e-16 -5.39499001e-16 ...  4.64905892e-16
     6.43582410e-16  2.94902991e-16]
   [-4.12945502e-16  4.80518403e-16 -1.01481323e-16 ... -6.80011603e-16
     2.94902991e-16  4.23272528e-16]]

  [[-1.66533454e-16  5.87203897e-16  6.58110719e-16 ... -5.63785130e-18
     8.74138002e-16 -5.57605177e-16]
   [ 5.83734450e-16  3.33066907e-16 -8.51749227e-16 ... -6.52256027e-16
     9.08127740e-16  5.48172618e-16]
   [ 6.53773910e-16 -8.30932545e-16  7.77156117e-16 ... -1.21430643e-16
     6.41847686e-16  5.16947596e-16]
   ...
   [ 8.23993651e-18 -6.59194921e-16 -1.14491749e-16 ... -1.11022302e-16
    -5.86336535e-16 -6.93889390e-18]
   [ 8.77499028e-16  9.10729825e-16  6.38378239e-16 ... -5.89805982e-16
     2.22044605e-16  4.12864187e-16]
   [-5.50666283e-16  5.48172618e-16  5.30825384e-16 ... -3.46944695e-18
     4.07660017e-16  8.32667268e-16]]]]
The sum of difference: 1.7265013745916546e-12
Time taken: 106.18 mins
