The number of orbitals is 8
Google yields: 32
Using gradient: True
Using alpha = 14
Sum of square is 1.2027312250541046e-25
The solution is
[ 6.82600702e-02 -9.37317020e-04 -1.96323467e-04  4.88259588e-02
 -6.03227037e-02 -2.42904097e-02  3.91356015e-02 -1.74691101e-03
  3.91539444e-01  6.11593342e-02  1.52821174e-02  7.73017009e-02
  1.15309603e-01 -3.84979775e-02  9.74186086e-02  5.26767346e-02
 -1.82722638e-02 -2.26400596e-02 -1.29133747e-02 -1.24758573e-02
  6.69642755e-02  2.20395986e-02 -2.69290081e-02  1.63822909e-02
  7.18768986e-02  6.21594151e-02  1.07963435e-02 -2.80976743e-02
 -1.97352918e-02 -4.07047798e-02  7.24510993e-03 -1.60140628e-03
 -3.18157200e-02 -7.58151228e-03  5.07424338e-02  3.18161986e-02
  2.25819372e+00  4.92912302e+00  2.04057544e+00  5.13214335e+00
  1.39947174e+00  6.38242968e+00  4.81376812e+00  2.06503150e+00
  1.96066914e+00  5.22600632e+00  2.44462460e+00  4.36877780e+00
  3.40730997e+00  1.34071702e+00  2.60222497e+00  1.42282330e+00
  3.93997945e+00  2.34021938e+00  1.66159116e+00  4.53270974e+00
  2.38617158e+00  3.23049096e+00  2.14445842e+00  1.72662083e-01
  4.44171563e-01  7.73846706e-01  1.56435722e+00  5.36579020e+00
  2.10723217e-02 -4.02734321e-02  7.84663540e-02  2.51962540e-02
  4.23905161e-02  6.23208580e-02  7.30173284e-02 -3.51881585e-02
 -2.64399559e-03 -9.05234684e-03 -1.75429957e-02  5.87141029e-02
  2.89998278e-03  5.39746637e-02 -8.65263641e-03  3.63442615e-02
 -5.24713132e-02  3.80492965e-02  2.64097802e-02  4.28898045e-02
 -8.68719108e-02  2.99483644e-02  2.82835466e-02  9.93048963e-02
  9.83337131e-02  6.09671228e-02  1.16459953e-01  3.05958730e-02
  5.03426296e-02 -5.66020443e-02  6.80355574e-02  7.58021671e-02
  2.21206132e-02  6.51503450e-02 -3.42663323e-02 -5.35199308e-03
  1.07670207e+00  4.60453554e+00  2.22075025e+00  4.64233791e+00
  2.06160914e+00  4.50335391e+00  6.13319738e+00  3.31667742e+00
  3.62571089e+00  4.91259642e-01  1.54570934e+00  3.37190000e+00
  1.21122981e+00  5.75464511e+00  4.99401186e+00  1.84851673e+00
  3.76281944e+00  2.36924645e+00  5.35654020e+00  4.28861022e+00
  3.17096172e+00  6.07499682e+00  5.26000108e-01  4.17443021e+00
 -4.40968695e-01  3.65972251e+00  2.69519941e+00  3.51815088e+00
 -3.99860117e-02  5.86067181e-02 -3.01831611e-03  4.56473869e-02
  9.89011965e-03  1.55711133e-02 -4.73280042e-02  1.89230134e-02
  2.14093536e-02  2.71809728e-02  3.26399521e-02  2.79104492e-02
 -5.59099288e-02 -7.19952388e-02  9.35882477e-02  1.17240230e-01
  1.38144390e-02  6.66039041e-02 -3.65542429e-02 -3.17336528e-02
  7.04720324e-02  8.35070863e-02  6.16309801e-02  3.04158698e-02
 -8.37234893e-03  3.29148169e-02  8.01167534e-02  1.04725626e-01
  6.19405773e-02  1.22871149e-01 -2.38418738e-02 -2.04216052e-02
  3.54796648e-02 -4.41786866e-02 -3.55541656e-03  1.11968017e-01
  1.59688289e+00  2.56974456e+00  5.43342592e+00  2.99486893e+00
  3.31706323e+00  4.48618982e+00 -5.63183408e-01  5.44405007e+00
  5.84294765e+00  1.76296419e+00  3.84127248e+00  1.85581382e-01
  1.36873002e+00  4.75528264e+00  4.12194908e+00  6.44895948e-01
  1.82552113e+00 -3.67151499e-01  4.35313495e+00  5.74753810e+00
  2.61004857e+00  5.13126384e+00  2.40971408e+00  1.04628427e+00
  2.26304395e+00  1.65787339e+00  9.81573409e-01  3.17835674e+00
  3.51830980e-02 -2.30952204e-02  2.90985517e-02  2.79196521e-02
  6.41713152e-02  7.64104741e-03  5.34974366e-02 -1.87543131e-02
  8.66679498e-02  3.75235621e-02  2.50542600e-02  4.08370030e-02
  4.13819089e-02  2.79910888e-02 -2.98584701e-02  9.95319522e-03
 -3.81385048e-03  4.23459054e-02  3.07978642e-02  1.67644526e-03
  2.46206669e-03 -4.26972074e-02  5.12194335e-02  3.70498549e-03
  8.46004948e-02  2.73524386e-02 -2.45866384e-02  7.54909472e-02
  4.76179218e-02  1.83882180e-02 -5.31909466e-02  6.54235464e-02
  5.05703423e-02  1.50639855e-01 -5.50700033e-03  2.04662605e-02
  3.29643011e+00  2.72732350e+00  7.26200253e-01  5.14885417e+00
  6.23303381e+00  7.13661127e-01  4.48140057e+00  1.15399134e+00
  2.56560215e+00  1.14685205e+00  4.72326793e+00  6.07119003e+00
  1.73310751e+00  2.78322489e+00  2.12261032e+00  2.26069437e+00
  4.39761214e+00  2.96939410e+00  3.48045000e+00  5.73380050e+00
  2.02883110e+00  4.79791547e+00  7.86711750e-01  6.17130046e+00
  3.42507729e+00  1.36963377e+00  2.81190686e+00  5.18343463e+00
 -3.43972717e-02 -1.78019150e-02 -2.94736394e-02  5.08214540e-02
  2.98038812e-02  4.65826303e-02  6.55490075e-03 -4.67906619e-02
  1.91737772e-02  5.56129297e-02 -2.25985094e-03  7.90566766e-02
  7.44073166e-03  4.18370360e-03  2.46301241e-02  9.74600572e-02
  4.28317223e-03  1.57159097e-03  2.00141832e-02 -2.75129811e-02
 -7.29725071e-02  8.26229026e-02  1.23858247e-01  1.01975152e-01
  8.17559748e-02 -3.54343599e-02  1.05586015e-01  1.06155688e-01
  9.73446241e-02 -2.00997872e-02  9.27722567e-02  3.86893374e-02
 -2.82832021e-02  1.59346740e-02 -5.75287132e-02  3.68433532e-02
  1.27250311e+00  5.72948964e+00  6.23184910e-01  2.13769246e+00
  2.44234996e+00  1.87709166e+00  3.26784613e+00  4.01795596e+00
  1.60386348e+00  4.42564915e+00  1.88620333e+00  5.76255968e-01
  3.62575646e+00  5.09280795e+00  5.40322713e-01  1.90002970e+00
  4.40078698e+00  5.59877118e+00  2.50369842e-01  3.30560091e+00
 -2.40611085e-01  4.49791975e+00  2.33378271e+00  5.40596386e+00
  2.74329760e+00  5.00145588e+00  1.52305562e+00  5.40712205e+00
  1.61526564e-01  2.25782588e-02  7.25785316e-02 -8.89515138e-03
  6.19871314e-02  6.56432642e-03  6.79969919e-02  2.55248785e-02
 -7.96737848e-03  2.94382961e-02  7.37572394e-03 -5.60656176e-03
  1.79906707e-02 -3.53282374e-02 -2.27676860e-04  3.91089153e-02
  4.72544868e-02 -1.52596381e-02  8.53898826e-02  3.56124210e-02
  4.31184324e-02  2.05179619e-02  1.15395502e-02  2.39386610e-02
 -4.18263588e-02  5.98093113e-02  1.71330882e-02 -3.44631967e-02
  5.45932013e-02  6.93279477e-02 -1.42199945e-02  3.44411202e-02
  6.11897088e-02  3.87005254e-02 -2.01798018e-02  2.69105556e-02
  5.96855101e+00  4.67103880e+00  3.93386368e+00  5.41363015e+00
  5.41902741e+00  1.09885733e+00  4.15536000e+00  1.00456288e+00
  4.22533832e+00  1.02278082e+00  2.95607620e+00  4.38473613e+00
  4.57048767e+00  2.62986755e+00  4.45167865e+00  2.95958165e+00
  4.01360163e-01  4.22760939e+00  3.83169286e+00  3.23439803e+00
  3.67139079e+00  1.46286806e+00  1.08591592e+00  1.31870437e+00
  5.19606899e+00  5.44430865e+00  5.09196849e+00  3.15248282e+00
 -1.88894932e-02 -2.44113516e-02  2.02790107e-02 -1.19886805e-02
  9.26721698e-03  1.58816678e-02  3.72030929e-02  4.45103971e-02
 -3.87010477e-02  2.92811417e-02  1.57414893e-01  9.19315612e-02
  3.01937612e-02  5.84283137e-02  9.36566901e-02  2.47751126e-02
  7.20681107e-02 -2.14323033e-06  3.56108704e-02  2.70237462e-02
  1.52950710e-04  1.52142444e-01  7.05644491e-02 -2.31824805e-02
  1.66896896e-02 -8.86611385e-03  1.32211921e-02  2.06661555e-03
  5.98796935e-03 -9.32485450e-03 -9.62348664e-03  2.87859142e-02
  3.32181302e-02  2.35135189e-02  1.68218904e-02 -7.52755207e-03
  1.51151844e+00  2.66051787e+00  3.76962895e-01  2.71183822e+00
  1.37806988e+00  4.40153560e+00  4.36737722e+00  1.62619969e+00
  3.11420569e+00  4.14069507e+00  4.31802241e+00  5.46433780e+00
  1.33089656e+00  1.59043675e+00  5.59279783e+00  3.36834318e+00
  4.61603671e+00  4.09389855e+00  6.10738977e+00  2.18124103e+00
  5.81862578e-01  3.73525687e+00  1.69671262e+00  2.61519234e+00
  4.79540911e+00  3.68062447e+00  3.27602905e+00 -3.05494086e-01
  1.31082556e-02 -1.24628614e-02  7.84774866e-02  5.50660945e-02
  3.41102335e-02 -3.91570428e-02  4.25738396e-02  2.45000154e-02
  2.35990086e-02  5.68358963e-02 -6.21935059e-02  9.51335227e-03
  2.91778608e-02 -7.86504832e-03  5.95162161e-02  5.71737618e-02
 -9.79793072e-03  2.97768461e-02 -5.57239309e-03  6.21275029e-02
  6.63769727e-02 -5.52561746e-02  8.91835672e-02 -2.52088732e-02
  4.63613345e-03  1.94018731e-01  1.29640104e-02 -1.15145830e-03
  8.24294653e-02  1.93532520e-01  2.93294160e-02  5.94807330e-03
  2.87403387e-02 -1.33671359e-01  7.15170061e-02 -4.37228102e-02
  4.21273096e+00  2.97256813e-01  2.58022208e+00  2.13785000e+00
  1.14320614e+00  1.26647858e+00  2.84494872e+00  1.25122044e+00
  6.24888204e-01  4.91416264e+00  6.26615216e+00  2.49788799e+00
  2.69515428e+00  6.28678013e+00  1.23572944e+00  5.85078813e+00
  6.19455036e+00  1.59945536e+00  2.45001880e+00  1.31935066e+00
  3.41798417e+00  5.60749103e+00  1.06886238e+00  3.93845124e+00
  3.04342855e+00  4.45069780e+00  1.83706108e+00  5.50134248e+00
  9.35371949e-02  4.92833801e-03  7.23610339e-02  4.38899119e-02
  1.32763277e-01  8.65969619e-02  1.62245408e-02  5.26759991e-02
  8.32678192e-02  1.17819421e-02  6.74843303e-03  3.42104834e-02
  1.76534960e-02 -5.43656323e-02  2.76056227e-02  8.87694765e-03
  4.02450260e-02  7.72139506e-02  6.31508014e-03 -1.15858550e-02
  4.16863683e-02  6.80824671e-02  8.82274810e-03 -5.53012619e-03
  5.39650393e-02  3.88099503e-02  7.41296479e-02  3.08563022e-02
 -7.36083038e-02  7.17730643e-03 -3.70829654e-02 -4.29210550e-02
  1.52653534e-03 -1.32181719e-02 -2.39954851e-03  5.69323824e-02
  2.05224395e+00  1.66761840e+00  1.72810617e+00  1.00427990e+00
  1.53139723e+00  4.32518518e+00  1.77447199e+00  1.53427697e+00
  2.07258165e+00  1.07336784e+00  3.87277821e+00  2.29302741e+00
  1.65026061e+00  4.57431042e+00  1.86285728e+00  5.30699846e+00
  3.51499210e+00  2.85472655e+00  1.53155252e+00  1.20920487e+00
  1.83627441e+00  5.17411465e+00  5.12606982e+00  1.34381275e+00
  5.67076940e+00  2.57352979e+00  4.88025150e+00  2.16133394e+00
  4.25995723e-03 -7.02421995e-03  3.63427813e-02  2.85384661e-02
 -6.48229092e-02  1.84490054e-02  1.09228983e-01  1.16625396e-01
 -6.55423343e-03 -1.14330793e-02  3.99857444e-02 -2.68728916e-02
 -1.14316341e-02  1.42785686e-02  5.17747327e-02 -2.10720879e-02
  2.15202995e-02 -3.15819552e-02  1.42903760e-02  2.46630069e-02
  4.43835484e-02  2.07660782e-02  1.85987480e-02  5.04925086e-02
  4.68790720e-02  1.03832247e-01  4.54045340e-03 -5.24677985e-02
  2.44056177e-02  2.67986940e-02  8.45420109e-02  3.46509179e-02
  7.64429989e-02  7.76017054e-02  9.72730827e-02  2.68957099e-04
  4.95908554e+00  1.81321558e+00  8.96537029e-01  3.35855198e+00
  3.66986478e+00  4.02966015e+00  3.86010264e+00  3.81434003e+00
  1.59166913e-01  1.35260886e+00  3.84042807e+00  2.71507950e+00
  3.80832468e+00  3.93101137e+00  9.45850866e-01  5.49366853e+00
  3.02397750e+00  2.21594481e+00  1.74943437e+00  2.25933182e+00
  5.06102008e+00  2.01193981e+00  2.30184847e+00  1.86062245e+00
  2.53903005e+00  1.00137802e+00  1.98249234e+00  1.39454731e+00
  1.60358874e-02 -1.42538356e-02 -3.83232040e-02  4.60517028e-03
 -1.56643768e-03 -1.54718555e-02  1.32284466e-02  1.22302558e-02
 -3.03651035e-02  2.21784235e-02 -4.78113557e-02 -5.51475689e-02
  1.50111457e-02  3.85584547e-02 -6.92497847e-02  6.71253362e-02
  1.98330461e-02  4.19581513e-02  4.60420404e-02 -1.63931996e-05
  1.19989935e-02  1.56217817e-01  8.94919668e-02 -4.30233697e-03
 -1.83411093e-02  1.51898186e-01  1.54196694e-01 -3.13214886e-02
  8.65874348e-02 -5.72399920e-05  4.87988368e-02  4.91842622e-03
  1.05702887e-02  6.60468562e-02  5.23181427e-02  1.54550859e-01
  2.92903031e+00  6.77917368e-01  5.26292381e+00  1.30765306e+00
  5.71827643e+00  4.42850341e+00  2.36933631e+00  3.92139356e+00
  4.89848942e+00  3.02413936e+00  1.53124905e+00  6.35336811e-01
  2.24050968e-01  1.68267667e+00  2.70687409e-01  4.00048772e+00
  2.19688356e+00  4.35153658e+00  2.07317413e+00  1.66512703e+00
  3.51512947e+00  4.38288567e+00  3.80111415e+00  2.23694222e+00
  5.81631401e+00  2.96491696e+00  6.03204322e+00  1.93202948e+00
  1.03989135e-01 -8.73441345e-02 -6.18955835e-02 -4.65988358e-02
 -2.63067327e-03  7.10501495e-02  3.76265166e-02 -4.04010234e-02
  3.70657985e-02 -3.08587753e-01 -4.42025781e-02 -9.74536671e-02
 -3.21173933e-02 -1.26430241e-02 -2.15182614e-03  9.65234219e-01
 -1.23052018e-01 -3.84889144e-02 -3.24391792e-02  1.07793312e-02
 -1.55978761e-01  7.76957547e-03  2.92654889e-02  1.05261572e-01
 -1.85314209e-02  3.82086802e-02  1.15897529e-01  1.09070914e-01
  4.92328446e-02  1.70206234e-02  1.70807656e-01  1.45881654e-02
 -4.93132782e-02  1.45975008e-01  7.39190682e-02  9.24093561e-03
  1.40149417e+00  5.24949275e+00  2.44465119e+00  1.93688956e+00
  3.67529505e+00  5.24270195e+00  3.65925705e+00  4.74906321e-01
  3.54712432e+00  5.81238440e+00  5.54066848e+00  2.71413530e+00
  4.66306324e-01  1.57514955e+00  5.81368977e+00  2.77415815e-01
  3.60025735e+00  3.02377453e+00  5.80307453e+00  4.68308487e+00
  4.94598074e+00  3.22455449e+00  6.33658766e+00  6.21531573e+00
  3.61059185e+00  1.04808835e+00  1.40945141e+00  5.26192255e+00
  3.95253311e-02  2.71020888e-03  9.32042329e-02 -5.48077759e-02
 -2.09212912e-02  6.30670268e-02 -8.68405115e-02  2.20559918e-02
  5.28233873e-02  6.94393209e-02 -4.33360342e-02 -2.76002590e-02
  3.71671369e-02 -4.13061804e-02  1.14642854e-01 -1.00211417e-01
  2.73446602e-02  1.43374903e-02  1.45849652e-01  7.98253620e-02
  1.14162551e-01 -3.40130500e-03 -2.96347751e-02  2.05829672e-02
  3.59095833e-02  2.47174113e-02  1.71443993e-01  2.58232408e-02
  1.48747245e-02  6.03325530e-02  7.25156619e-02 -2.55228249e-02
  4.04180523e-02  7.50078690e-03 -1.35316126e-02  5.50129544e-02
  7.06001400e-01  1.06422815e+00  2.08571444e+00  5.64413190e+00
  2.88634330e+00  1.27426799e+00  4.97635890e+00  5.31506215e+00
  2.48388521e+00  7.91043721e-01  4.21478245e+00  4.63279727e-01
  5.33252684e+00  2.76467027e+00  2.46725436e+00  3.08746245e+00
  3.90977975e-01  2.43317184e+00  2.78681363e+00  4.16059762e+00
 -2.75098985e-01  6.47672159e-01  2.53517236e+00 -3.34029668e-01
  4.22408418e+00  3.31937364e+00  5.96962406e+00  4.30440621e+00
  2.07567161e-02  3.27418560e-02  4.74141983e-02 -1.15951908e-01
 -2.66444439e-02  1.73009364e-02  6.62952554e-02  6.02864635e-02
  5.23732154e-02  4.70164613e-02 -6.72106153e-02  1.48143143e-02
  6.74172541e-02  1.12108219e-01  2.48029160e-02  4.08772142e-02
 -2.22983924e-02 -4.37471557e-02  1.07091520e-03  1.34420815e-01
 -2.88784124e-02  1.03480848e-01 -1.08999051e-01 -3.90432321e-03
  2.82225396e-02 -6.09122379e-02  1.71600824e-01 -4.83775833e-02
  4.08442368e-02 -2.47259860e-02  4.77292732e-02  7.11164518e-02
 -2.30819484e-02  2.23666558e-01  6.31677540e-02  4.33799697e-02
  2.64516865e-01  1.78878394e+00 -2.70855607e-01  1.70327440e+00
  4.71861716e+00  1.03156958e+00  8.69942177e-01  4.90721976e+00
  3.10621617e+00  4.15792579e+00  5.82249909e+00  1.73378010e+00
  6.22198384e+00  6.05518412e-01  4.22475114e+00  5.12714505e+00
  2.63423453e+00 -1.83258586e-01  2.52234623e+00  5.32132429e+00
  5.61764817e+00  5.07526333e-01  5.01371255e-01  2.27610808e+00
  4.36265393e+00  1.59240564e+00  4.17037121e+00  3.80845698e+00]
The difference is
[[[[-1.02140518e-14  3.13638004e-15 -1.57859836e-15 ... -2.49800181e-16
     6.51301929e-15  1.02695630e-15]
   [ 3.13638004e-15  3.16413562e-15  2.95596880e-15 ...  9.43689571e-16
    -2.27899297e-16 -4.30645103e-15]
   [-1.61329283e-15  2.95249936e-15  6.43929354e-15 ... -1.73992765e-15
     2.24820162e-15 -1.85962357e-15]
   ...
   [-2.49800181e-16  8.88178420e-16 -1.74686654e-15 ... -1.77635684e-15
     1.42247325e-15  3.58740815e-15]
   [ 6.51865714e-15 -2.32886627e-16  2.26207941e-15 ...  1.43288159e-15
    -2.83106871e-15 -1.75207071e-15]
   [ 1.02695630e-15 -4.29344060e-15 -1.85962357e-15 ...  3.59955121e-15
    -1.74513182e-15 -4.27435864e-15]]

  [[ 3.19189120e-15 -1.04499742e-14 -7.07149183e-15 ...  3.53536644e-15
     1.06754883e-14  5.27019834e-15]
   [-1.04499742e-14 -4.64905892e-16 -3.03121243e-15 ...  2.03916745e-15
     1.76898426e-15 -3.78738924e-15]
   [-7.06813080e-15 -3.02774299e-15  6.09603514e-15 ...  1.94202293e-15
    -6.23134357e-15 -4.34331390e-15]
   ...
   [ 3.53536644e-15  2.04263689e-15  1.94375765e-15 ... -7.77633166e-15
     2.04480530e-15  7.12407563e-15]
   [ 1.06754883e-14  1.76876742e-15 -6.23004252e-15 ...  2.04740738e-15
    -9.51062146e-15 -5.21522929e-15]
   [ 5.26976466e-15 -3.78641346e-15 -4.33984446e-15 ...  7.12385879e-15
    -5.21783138e-15 -4.21884749e-15]]

  [[-1.59594560e-15 -7.07246761e-15 -6.81746326e-16 ... -7.89711178e-15
    -7.49400542e-16  3.07306264e-15]
   [-7.07333497e-15  1.10293719e-14 -9.42822209e-15 ... -3.04660810e-15
    -5.26618679e-15  6.76542156e-17]
   [-6.76542156e-16 -9.42735473e-15 -4.39145248e-15 ...  4.15162696e-15
    -1.28781534e-15 -2.11712158e-15]
   ...
   [-7.89825020e-15 -3.04747547e-15  4.15509641e-15 ... -1.12731005e-14
    -1.03996672e-15 -4.59441513e-15]
   [-7.51568946e-16 -5.26271735e-15 -1.28694798e-15 ... -1.04040040e-15
     1.66967135e-17  9.41000750e-15]
   [ 3.07393000e-15  6.76542156e-17 -2.11180899e-15 ... -4.59614985e-15
     9.41391062e-15 -7.57575426e-15]]

  ...

  [[-4.44089210e-16  3.53536644e-15 -7.90166543e-15 ... -8.08381140e-16
     1.33712486e-14  4.90872534e-15]
   [ 3.53189700e-15 -2.80938467e-15  8.10202599e-15 ...  8.75775147e-15
     9.90093424e-16 -9.77950360e-17]
   [-7.90253279e-15  8.10549544e-15 -3.71187456e-15 ... -3.02795983e-15
     3.17714605e-15  9.92955718e-15]
   ...
   [-8.08381140e-16  8.75775147e-15 -3.02795983e-15 ...  1.99983259e-14
    -5.83734450e-16 -5.84948756e-15]
   [ 1.33751517e-14  9.87057658e-16  3.18408494e-15 ... -5.81999726e-16
    -7.78500528e-15 -3.25347388e-15]
   [ 4.90780376e-15 -9.53013710e-17  9.92868981e-15 ... -5.85122228e-15
    -3.25781069e-15  8.58861593e-15]]

  [[ 6.50434567e-15  1.06763556e-14 -7.53303669e-16 ...  1.33725496e-14
    -1.71737624e-16 -2.36334390e-15]
   [ 1.06737535e-14 -6.36816988e-15  3.58046925e-15 ... -6.94409807e-15
    -4.67681449e-15 -7.68135555e-15]
   [-7.53303669e-16  3.58046925e-15 -1.42377429e-15 ... -2.92257538e-15
     7.42158071e-15  2.25232159e-15]
   ...
   [ 1.33712486e-14 -6.94409807e-15 -2.91997329e-15 ...  1.38083989e-15
     1.68268177e-15  6.09278253e-15]
   [-1.73472348e-16 -4.67681449e-15  7.41897863e-15 ...  1.68094705e-15
     2.45181479e-15  3.43778825e-15]
   [-2.36551230e-15 -7.68395764e-15  2.25123739e-15 ...  6.09299937e-15
     3.43464406e-15 -8.07155991e-15]]

  [[ 1.03389519e-15  5.27334253e-15  3.06785847e-15 ...  4.90883376e-15
    -2.36030813e-15  3.79557497e-15]
   [ 5.27377621e-15 -1.05193632e-14  8.89739671e-15 ...  3.44689555e-15
     2.59254423e-15  7.59461938e-15]
   [ 3.06785847e-15  8.89913143e-15  4.31469097e-15 ... -6.36123099e-15
     2.88484514e-15  3.02492406e-16]
   ...
   [ 4.91013480e-15  3.44689555e-15 -6.36383307e-15 ...  1.95538030e-14
    -9.53230550e-15 -4.77742845e-15]
   [-2.36139233e-15  2.59254423e-15  2.88918195e-15 ... -9.53360654e-15
    -2.79615740e-15 -3.28404838e-16]
   [ 3.79210552e-15  7.59548674e-15  3.01408204e-16 ... -4.77742845e-15
    -3.29272200e-16 -8.51098705e-16]]]


 [[[ 3.19189120e-15 -1.04430353e-14 -7.07317234e-15 ...  3.53189700e-15
     1.06685494e-14  5.27019834e-15]
   [-1.04430353e-14 -4.56232274e-16 -3.03229664e-15 ...  2.04523898e-15
     1.77375475e-15 -3.78294401e-15]
   [-7.07149183e-15 -3.03056191e-15  6.10644348e-15 ...  1.94896183e-15
    -6.23351197e-15 -4.34157918e-15]
   ...
   [ 3.53536644e-15  2.04350425e-15  1.94896183e-15 ... -7.77242853e-15
     2.04697370e-15  7.13144821e-15]
   [ 1.06705009e-14  1.77180319e-15 -6.23307829e-15 ...  2.05131051e-15
    -9.49934575e-15 -5.21653033e-15]
   [ 5.26954782e-15 -3.78202244e-15 -4.34244654e-15 ...  7.13188189e-15
    -5.21739769e-15 -4.21798013e-15]]

  [[ 3.10862447e-15 -4.67507977e-16  1.10354434e-14 ... -2.80157841e-15
    -6.37684350e-15 -1.05263021e-14]
   [-4.72712147e-16 -1.88737914e-15  1.99493200e-15 ...  6.75154377e-15
     1.50573998e-15  7.48619916e-15]
   [ 1.10380455e-14  1.99840144e-15 -2.05391260e-15 ... -1.81972493e-15
    -2.70616862e-16 -9.72139036e-15]
   ...
   [-2.80764995e-15  6.75848266e-15 -1.81278603e-15 ...  7.27196081e-15
     1.12757026e-15  9.15413578e-15]
   [-6.36643516e-15  1.50747470e-15 -2.67147415e-16 ...  1.12757026e-15
     2.94209102e-15 -1.22644950e-14]
   [-1.05124243e-14  7.48706652e-15 -9.72832925e-15 ...  9.15066634e-15
    -1.22575561e-14 -5.38458167e-15]]

  [[ 2.95770353e-15 -3.02167145e-15 -9.43689571e-15 ...  8.10115863e-15
     3.57699981e-15  8.89566198e-15]
   [-3.01950305e-15  1.98799310e-15 -3.81639165e-15 ...  8.29327926e-15
    -1.91600208e-15  6.22939200e-15]
   [-9.43169154e-15 -3.81639165e-15  1.34094125e-15 ... -9.31546507e-15
    -6.07500161e-15 -6.76802364e-15]
   ...
   [ 8.10202599e-15  8.29544766e-15 -9.31546507e-15 ... -1.44155521e-15
     5.59274849e-15  3.64291930e-15]
   [ 3.58046925e-15 -1.91600208e-15 -6.07500161e-15 ...  5.59274849e-15
    -3.87363752e-15 -6.80358547e-15]
   [ 8.89045781e-15  6.22245311e-15 -6.76650576e-15 ...  3.64291930e-15
    -6.80705492e-15 -5.53897206e-15]]

  ...

  [[ 8.60422844e-16  2.06779038e-15 -3.04704179e-15 ...  8.76534088e-15
    -6.94323071e-15  3.43843877e-15]
   [ 2.06779038e-15  6.82787160e-15  8.29197822e-15 ... -7.34134975e-15
    -3.43822193e-15  4.93528829e-16]
   [-3.04660810e-15  8.29284558e-15  1.13103971e-15 ... -3.46944695e-18
     3.38964967e-15  3.08086889e-15]
   ...
   [ 8.76490720e-15 -7.34134975e-15 -1.04083409e-17 ... -1.01862963e-14
    -1.89431804e-15 -1.01915004e-15]
   [-6.94323071e-15 -3.44169138e-15  3.38618023e-15 ... -1.89431804e-15
    -5.04457587e-15  5.68902564e-15]
   [ 3.44006507e-15  4.92661467e-16  3.08086889e-15 ... -1.01915004e-15
     5.68945932e-15  3.26821903e-15]]

  [[-2.39825521e-16  1.76638218e-15 -5.26835520e-15 ...  9.94863913e-16
    -4.68375339e-15  2.58777375e-15]
   [ 1.76638218e-15  1.50920942e-15 -1.91686944e-15 ... -3.44689555e-15
    -7.28583860e-16  6.98573144e-15]
   [-5.26835520e-15 -1.91860416e-15  3.78169718e-16 ... -4.05925293e-15
     1.97845212e-15  1.15792792e-15]
   ...
   [ 9.95297594e-16 -3.44342610e-15 -4.05925293e-15 ...  1.86396037e-15
    -5.97091820e-15  1.80454610e-15]
   [-4.68548811e-15 -7.32053307e-16  1.97845212e-15 ... -5.97091820e-15
     1.41033019e-15 -1.85441940e-15]
   [ 2.59037583e-15  6.98920088e-15  1.15619320e-15 ...  1.80107665e-15
    -1.85268467e-15  1.12930498e-15]]

  [[-4.29430796e-15 -3.78560031e-15  6.50521303e-17 ... -9.19403442e-17
    -7.67962083e-15  7.58681312e-15]
   [-3.78581715e-15  7.49313805e-15  6.22418783e-15 ...  4.93528829e-16
     6.98920088e-15  3.93435284e-15]
   [ 6.50521303e-17  6.22765728e-15  6.87823279e-15 ... -1.11022302e-14
     3.75654369e-15  2.34794822e-15]
   ...
   [-9.36750677e-17  4.95263552e-16 -1.10987608e-14 ... -1.66108446e-14
     9.02489888e-15  1.12583554e-15]
   [-7.68222291e-15  6.99093561e-15  3.75611001e-15 ...  9.02489888e-15
     8.62157568e-16 -8.59989163e-15]
   [ 7.58854785e-15  3.93435284e-15  2.34664718e-15 ...  1.12757026e-15
    -8.59989163e-15  9.75955428e-15]]]


 [[[-1.58206781e-15 -7.07615390e-15 -6.86950496e-16 ... -7.89781652e-15
    -7.54604712e-16  3.06612374e-15]
   [-7.07528654e-15  1.10224330e-14 -9.42648737e-15 ... -3.04400602e-15
    -5.26184998e-15  6.50521303e-17]
   [-6.81746326e-16 -9.42215056e-15 -4.38819987e-15 ...  4.15422904e-15
    -1.28716482e-15 -2.12167523e-15]
   ...
   [-7.90329174e-15 -3.04834283e-15  4.15422904e-15 ... -1.12696311e-14
    -1.03649728e-15 -4.59701721e-15]
   [-7.57206797e-16 -5.26358471e-15 -1.28824902e-15 ... -1.04386985e-15
     2.10335221e-17  9.41044118e-15]
   [ 3.06525638e-15  6.24500451e-17 -2.11549528e-15 ... -4.59875193e-15
     9.41868111e-15 -7.56708064e-15]]

  [[ 2.94729519e-15 -3.03229664e-15 -9.42475264e-15 ...  8.10376072e-15
     3.58046925e-15  8.89739671e-15]
   [-3.03533240e-15  1.98495734e-15 -3.81639165e-15 ...  8.29241190e-15
    -1.92033889e-15  6.22765728e-15]
   [-9.42822209e-15 -3.81639165e-15  1.34267597e-15 ... -9.31546507e-15
    -6.07500161e-15 -6.76964994e-15]
   ...
   [ 8.10159231e-15  8.29371294e-15 -9.31026090e-15 ... -1.44415729e-15
     5.58580959e-15  3.63598041e-15]
   [ 3.58133662e-15 -1.91773680e-15 -6.07153217e-15 ...  5.59968738e-15
    -3.87016807e-15 -6.80011603e-15]
   [ 8.89392726e-15  6.22765728e-15 -6.76943310e-15 ...  3.64291930e-15
    -6.80705492e-15 -5.53723734e-15]]

  [[ 6.43929354e-15  6.09668566e-15 -4.38689883e-15 ... -3.72315026e-15
    -1.43461631e-15  4.32011198e-15]
   [ 6.10405823e-15 -2.10942375e-15  1.34094125e-15 ...  1.05471187e-15
     3.92047506e-16  6.86169871e-15]
   [-4.38516411e-15  1.33920652e-15  2.22044605e-15 ... -2.78076173e-15
     3.76781939e-15  1.79023463e-15]
   ...
   [-3.73008915e-15  1.05471187e-15 -2.78423118e-15 ...  1.13797860e-14
    -6.06459327e-15 -4.51201576e-15]
   [-1.44112153e-15  3.90312782e-16  3.76088050e-15 ... -6.06459327e-15
    -9.43689571e-15  1.74513182e-15]
   [ 4.30970364e-15  6.86169871e-15  1.78676518e-15 ... -4.50854631e-15
     1.75207071e-15 -4.99600361e-16]]

  ...

  [[-1.73992765e-15  1.94245661e-15  4.14685647e-15 ... -3.03619976e-15
    -2.92669534e-15 -6.35472577e-15]
   [ 1.94592606e-15 -1.81625548e-15 -9.34495537e-15 ... -1.21430643e-17
    -4.04190570e-15 -1.10571274e-14]
   [ 4.14685647e-15 -9.34495537e-15 -2.75300616e-15 ...  4.85375629e-15
    -5.91714178e-15  9.95297594e-16]
   ...
   [-3.03966921e-15 -1.90819582e-17  4.85028684e-15 ...  2.21177243e-16
     4.75314232e-15 -3.03229664e-15]
   [-2.92843007e-15 -4.04364042e-15 -5.91714178e-15 ...  4.74793815e-15
    -7.87564458e-16  1.47451495e-14]
   [-6.35472577e-15 -1.10640663e-14  9.90310264e-16 ... -3.03576608e-15
     1.47451495e-14  4.94049246e-15]]

  [[ 2.31759056e-15 -6.24196875e-15 -1.28065961e-15 ...  3.16153353e-15
     7.40813660e-15  2.88441146e-15]
   [-6.24500451e-15 -2.87964097e-16 -6.08887940e-15 ...  3.40005801e-15
     1.99926881e-15  3.77909509e-15]
   [-1.27870804e-15 -6.08887940e-15  3.81292220e-15 ... -5.98826544e-15
     1.60982339e-15 -5.35682609e-15]
   ...
   [ 3.15979881e-15  3.40005801e-15 -5.98826544e-15 ...  9.00321484e-16
     3.61342900e-15  8.91647867e-16]
   [ 7.41420814e-15  2.00208773e-15  1.60288449e-15 ...  3.62036789e-15
    -1.73472348e-15 -4.93702301e-15]
   [ 2.88267674e-15  3.77822773e-15 -5.35682609e-15 ...  8.91647867e-16
    -4.92834940e-15 -4.34721703e-15]]

  [[-1.83186799e-15 -4.35936010e-15 -2.11463469e-15 ...  9.90527105e-15
     2.24299745e-15  2.98155597e-16]
   [-4.36196218e-15 -9.67975700e-15 -6.78005829e-15 ...  3.06005221e-15
     1.18394877e-15  2.35488712e-15]
   [-2.11289997e-15 -6.78168459e-15  1.83533744e-15 ...  9.54097912e-16
    -5.38805112e-15  2.51187959e-15]
   ...
   [ 9.90050056e-15  3.06005221e-15  9.54531593e-16 ...  4.85028684e-15
    -5.27702881e-15 -4.76702011e-15]
   [ 2.24408166e-15  1.18264773e-15 -5.38805112e-15 ... -5.28049826e-15
    -2.09554596e-15  3.65592973e-16]
   [ 2.99022959e-16  2.35683868e-15  2.51187959e-15 ... -4.76702011e-15
     3.65592973e-16  5.76622083e-15]]]


 ...


 [[[-4.44089210e-16  3.53189700e-15 -7.90209911e-15 ... -8.04911693e-16
     1.33721159e-14  4.91216768e-15]
   [ 3.53536644e-15 -2.80418050e-15  8.10029127e-15 ...  8.76035355e-15
     9.87057658e-16 -9.54097912e-17]
   [-7.90188227e-15  8.09985759e-15 -3.71621137e-15 ... -3.03164611e-15
     3.17671237e-15  9.92955718e-15]
   ...
   [-8.04911693e-16  8.75688411e-15 -3.03164611e-15 ...  1.99948565e-14
    -5.88071258e-16 -5.85122228e-15]
   [ 1.33742843e-14  9.84455573e-16  3.18018181e-15 ... -5.84601811e-16
    -7.78543896e-15 -3.25607596e-15]
   [ 4.90780376e-15 -9.54097912e-17  9.92999086e-15 ... -5.85382437e-15
    -3.25954541e-15  8.58688121e-15]]

  [[ 8.60422844e-16  2.06779038e-15 -3.04747547e-15 ...  8.76230512e-15
    -6.94583280e-15  3.44147454e-15]
   [ 2.07039247e-15  6.82787160e-15  8.29284558e-15 ... -7.34134975e-15
    -3.43995665e-15  4.90926744e-16]
   [-3.05094491e-15  8.29111085e-15  1.13797860e-15 ... -1.73472348e-18
     3.38964967e-15  3.08086889e-15]
   ...
   [ 8.76317248e-15 -7.34134975e-15 -1.04083409e-17 ... -1.01793574e-14
    -1.89258331e-15 -1.01654796e-15]
   [-6.94496544e-15 -3.44342610e-15  3.38618023e-15 ... -1.89258331e-15
    -5.04457587e-15  5.69206141e-15]
   [ 3.44136612e-15  4.89192020e-16  3.08086889e-15 ... -1.01568060e-15
     5.69119404e-15  3.28209682e-15]]

  [[-1.74166237e-15  1.95459968e-15  4.15206064e-15 ... -3.03619976e-15
    -2.92365958e-15 -6.35038896e-15]
   [ 1.95373231e-15 -1.80931659e-15 -9.34842481e-15 ... -1.38777878e-17
    -4.04190570e-15 -1.10536580e-14]
   [ 4.15206064e-15 -9.34842481e-15 -2.74780199e-15 ...  4.85375629e-15
    -5.91887650e-15  9.91394467e-16]
   ...
   [-3.03966921e-15 -1.56125113e-17  4.85028684e-15 ...  2.15973073e-16
     4.74793815e-15 -3.03229664e-15]
   [-2.92712903e-15 -4.04364042e-15 -5.92234595e-15 ...  4.74620343e-15
    -7.89299182e-16  1.47434148e-14]
   [-6.35038896e-15 -1.10605969e-14  9.91394467e-16 ... -3.03923553e-15
     1.47399454e-14  4.95263552e-15]]

  ...

  [[-1.99840144e-15 -7.72298892e-15 -1.12678963e-14 ...  1.99809787e-14
     1.37650308e-15  1.95468641e-14]
   [-7.72342260e-15  7.32747196e-15 -1.45196355e-15 ... -1.03875242e-14
     1.87068243e-15 -1.66021710e-14]
   [-1.12644269e-14 -1.45022883e-15  1.13797860e-14 ...  2.12828886e-16
     9.35015954e-16  4.85722573e-15]
   ...
   [ 1.99808160e-14 -1.03944631e-14  2.20201461e-16 ... -7.82707232e-15
     4.66987560e-15  1.58076677e-16]
   [ 1.37823780e-15  1.86547826e-15  9.33281230e-16 ...  4.67681449e-15
    -1.11022302e-16  4.45130044e-15]
   [ 1.95468641e-14 -1.66026047e-14  4.85375629e-15 ...  1.51354623e-16
     4.46257614e-15 -9.60342916e-15]]

  [[ 1.44328993e-15  2.04437162e-15 -1.05037506e-15 ... -5.89805982e-16
     1.65145675e-15 -9.53534127e-15]
   [ 2.04567266e-15  1.13103971e-15  5.58234015e-15 ... -1.89084859e-15
    -6.00994948e-15  9.02923569e-15]
   [-1.04517089e-15  5.58234015e-15 -6.07500161e-15 ...  4.73579509e-15
     3.61689845e-15 -5.28049826e-15]
   ...
   [-5.90673344e-16 -1.89171595e-15  4.73752981e-15 ...  4.68028394e-15
    -5.84948756e-15 -2.86229374e-15]
   [ 1.65145675e-15 -6.01038316e-15  3.61689845e-15 ... -5.84948756e-15
    -1.38777878e-15  3.15025783e-15]
   [-9.53317286e-15  9.03183778e-15 -5.28049826e-15 ... -2.86576318e-15
     3.15025783e-15  1.42420797e-15]]

  [[ 3.59087760e-15  7.13318293e-15 -4.59614985e-15 ... -5.85165597e-15
     6.09408357e-15 -4.80171458e-15]
   [ 7.13144821e-15  9.15153370e-15  3.66373598e-15 ... -1.01741532e-15
     1.81018395e-15  1.06468653e-15]
   [-4.59875193e-15  3.66373598e-15 -4.47905601e-15 ... -3.08086889e-15
     8.63892291e-16 -4.85375629e-15]
   ...
   [-5.85339069e-15 -1.01047642e-15 -3.07739945e-15 ...  1.55474592e-16
    -2.86923263e-15  2.64371858e-15]
   [ 6.09343305e-15  1.80758186e-15  8.63892291e-16 ... -2.87096735e-15
    -6.31439345e-16  1.16399945e-15]
   [-4.80344930e-15  1.06295181e-15 -4.85028684e-15 ...  2.64371858e-15
     1.16399945e-15  4.14945855e-15]]]


 [[[ 6.51518769e-15  1.06752714e-14 -7.53303669e-16 ...  1.33669117e-14
    -1.66533454e-16 -2.36594598e-15]
   [ 1.06757051e-14 -6.36816988e-15  3.57786717e-15 ... -6.93889390e-15
    -4.67507977e-15 -7.68525868e-15]
   [-7.54604712e-16  3.57613245e-15 -1.41726908e-15 ... -2.92084065e-15
     7.42244807e-15  2.25275527e-15]
   ...
   [ 1.33647433e-14 -6.94149599e-15 -2.91997329e-15 ...  1.38344197e-15
     1.68094705e-15  6.09278253e-15]
   [-1.71737624e-16 -4.67507977e-15  7.42071335e-15 ...  1.68094705e-15
     2.44921271e-15  3.43778825e-15]
   [-2.36637966e-15 -7.68655972e-15  2.25210475e-15 ...  6.09321621e-15
     3.43713773e-15 -8.06852415e-15]]

  [[-2.35922393e-16  1.76616534e-15 -5.27008992e-15 ...  9.90527105e-16
    -4.68635547e-15  2.58950847e-15]
   [ 1.77050215e-15  1.50747470e-15 -1.91686944e-15 ... -3.44689555e-15
    -7.28583860e-16  6.98920088e-15]
   [-5.27182464e-15 -1.91513472e-15  3.74700271e-16 ... -4.05231404e-15
     1.97931949e-15  1.15879528e-15]
   ...
   [ 9.91828147e-16 -3.44342610e-15 -4.05578349e-15 ...  1.86873086e-15
    -5.97091820e-15  1.80975027e-15]
   [-4.68462075e-15 -7.38992201e-16  1.98105421e-15 ... -5.97091820e-15
     1.42247325e-15 -1.85094995e-15]
   [ 2.58950847e-15  6.98920088e-15  1.15575952e-15 ...  1.80714818e-15
    -1.85094995e-15  1.12757026e-15]]

  [[ 2.31759056e-15 -6.23763194e-15 -1.28326169e-15 ...  3.17020715e-15
     7.41073869e-15  2.88701354e-15]
   [-6.24283611e-15 -2.81025203e-16 -6.09234885e-15 ...  3.39658857e-15
     1.99970249e-15  3.77475828e-15]
   [-1.28109329e-15 -6.09234885e-15  3.80251386e-15 ... -5.98826544e-15
     1.61676228e-15 -5.35682609e-15]
   ...
   [ 3.16847243e-15  3.39658857e-15 -5.98826544e-15 ...  9.00321484e-16
     3.61863317e-15  8.95117314e-16]
   [ 7.41377446e-15  2.00317193e-15  1.60288449e-15 ...  3.61689845e-15
    -1.74860126e-15 -4.93702301e-15]
   [ 2.88788091e-15  3.77475828e-15 -5.36029554e-15 ...  8.95117314e-16
    -4.93528829e-15 -4.34027814e-15]]

  ...

  [[ 1.43288159e-15  2.04740738e-15 -1.04733930e-15 ... -5.86336535e-16
     1.64972203e-15 -9.53707599e-15]
   [ 2.04523898e-15  1.12410081e-15  5.57540125e-15 ... -1.89258331e-15
    -6.00821476e-15  9.02663361e-15]
   [-1.04170145e-15  5.57887070e-15 -6.07847106e-15 ...  4.73926454e-15
     3.61169428e-15 -5.28049826e-15]
   ...
   [-5.88071258e-16 -1.89171595e-15  4.74446871e-15 ...  4.67161032e-15
    -5.85642645e-15 -2.87096735e-15]
   [ 1.64972203e-15 -6.00821476e-15  3.61342900e-15 ... -5.85642645e-15
    -1.40165657e-15  3.15025783e-15]
   [-9.53534127e-15  9.02750097e-15 -5.28049826e-15 ... -2.86749791e-15
     3.15025783e-15  1.41900380e-15]]

  [[-2.72004641e-15 -9.50368256e-15  2.38524478e-17 ... -7.86306784e-15
     2.44043067e-15 -2.78683326e-15]
   [-9.50194784e-15  2.72004641e-15 -3.83547361e-15 ... -5.37070388e-15
     1.39905448e-15  8.32667268e-16]
   [ 1.34441069e-17 -3.83547361e-15 -9.60342916e-15 ... -7.91033905e-16
    -1.80758186e-15 -2.31759056e-15]
   ...
   [-7.86480256e-15 -5.37070388e-15 -7.92768629e-16 ... -4.44089210e-16
    -1.35655376e-15 -5.20417043e-16]
   [ 2.43696122e-15  1.41293227e-15 -1.81452076e-15 ... -1.36349265e-15
     4.16333634e-15  4.61783389e-15]
   [-2.78683326e-15  8.36136715e-16 -2.31759056e-15 ... -5.20417043e-16
     4.61609917e-15  2.22044605e-16]]

  [[-1.73472348e-15 -5.21761453e-15  9.41087486e-15 ... -3.25954541e-15
     3.42125417e-15 -3.41388159e-16]
   [-5.21761453e-15 -1.22723012e-14 -6.80185075e-15 ...  5.68815828e-15
    -1.93421668e-15 -8.57647287e-15]
   [ 9.41087486e-15 -6.80705492e-15  1.80411242e-15 ...  1.47468843e-14
    -4.92141050e-15  3.59955121e-16]
   ...
   [-3.26041277e-15  5.68902564e-15  1.47468843e-14 ...  4.45823933e-15
     2.99760217e-15  1.24726618e-15]
   [ 3.42027838e-15 -1.93421668e-15 -4.92401259e-15 ...  2.99760217e-15
     4.61436445e-15  4.75314232e-16]
   [-3.38786074e-16 -8.57300342e-15  3.62123526e-16 ...  1.24379673e-15
     4.75314232e-16 -6.69603262e-15]]]


 [[[ 1.06165077e-15  5.27117412e-15  3.06612374e-15 ...  4.90623167e-15
    -2.36204285e-15  3.80251386e-15]
   [ 5.27551093e-15 -1.05124243e-14  8.89392726e-15 ...  3.44429346e-15
     2.59384528e-15  7.59288465e-15]
   [ 3.06959319e-15  8.89045781e-15  4.32509931e-15 ... -6.35299105e-15
     2.89135035e-15  2.96420874e-16]
   ...
   [ 4.90840008e-15  3.44472714e-15 -6.35732786e-15 ...  1.95468641e-14
    -9.53013710e-15 -4.77742845e-15]
   [-2.35792288e-15  2.59211055e-15  2.89048299e-15 ... -9.53230550e-15
    -2.79268796e-15 -3.25369072e-16]
   [ 3.80077914e-15  7.59461938e-15  2.97938757e-16 ... -4.77742845e-15
    -3.25802753e-16 -8.51098705e-16]]

  [[-4.28563435e-15 -3.78213086e-15  6.41847686e-17 ... -9.80118764e-17
    -7.68048819e-15  7.59028257e-15]
   [-3.77898667e-15  7.49834222e-15  6.22765728e-15 ...  4.99600361e-16
     6.99440506e-15  3.92741395e-15]
   [ 6.41847686e-17  6.22765728e-15  6.87606439e-15 ... -1.10987608e-14
     3.76001313e-15  2.34968295e-15]
   ...
   [-9.80118764e-17  5.00467723e-16 -1.10987608e-14 ... -1.66134467e-14
     9.02316416e-15  1.12757026e-15]
   [-7.67701874e-15  6.99440506e-15  3.75871209e-15 ...  9.02489888e-15
     8.58688121e-16 -8.60249372e-15]
   [ 7.58854785e-15  3.93435284e-15  2.35206819e-15 ...  1.12583554e-15
    -8.60075899e-15  9.76302372e-15]]

  [[-1.85962357e-15 -4.35502329e-15 -2.11279155e-15 ...  9.90136792e-15
     2.24581638e-15  2.99456640e-16]
   [-4.35762537e-15 -9.67281810e-15 -6.77908250e-15 ...  3.06699111e-15
     1.18698454e-15  2.35597132e-15]
   [-2.11626100e-15 -6.78211827e-15  1.83880688e-15 ...  9.48026380e-16
    -5.38458167e-15  2.51187959e-15]
   ...
   [ 9.89746479e-15  3.06699111e-15  9.53230550e-16 ...  4.85028684e-15
    -5.28049826e-15 -4.75834649e-15]
   [ 2.24690058e-15  1.18481613e-15 -5.38805112e-15 ... -5.27702881e-15
    -2.08166817e-15  3.63424568e-16]
   [ 2.98589278e-16  2.35423660e-15  2.51187959e-15 ... -4.76181594e-15
     3.69929781e-16  5.75928194e-15]]

  ...

  [[ 3.60475538e-15  7.13470082e-15 -4.59268040e-15 ... -5.84862020e-15
     6.09636040e-15 -4.80691875e-15]
   [ 7.13101453e-15  9.14979897e-15  3.64985819e-15 ... -1.02261949e-15
     1.80758186e-15  1.05904868e-15]
   [-4.59268040e-15  3.64985819e-15 -4.48599491e-15 ... -3.08086889e-15
     8.63892291e-16 -4.86069518e-15]
   ...
   [-5.85078860e-15 -1.01828268e-15 -3.07393000e-15 ...  1.43331527e-16
    -2.87270208e-15  2.64371858e-15]
   [ 6.09462567e-15  1.80584714e-15  8.67361738e-16 ... -2.87270208e-15
    -6.17561557e-16  1.15706056e-15]
   [-4.80344930e-15  1.06338549e-15 -4.85549101e-15 ...  2.64371858e-15
     1.16053001e-15  4.13905021e-15]]

  [[-1.74860126e-15 -5.21718085e-15  9.41130854e-15 ... -3.25694333e-15
     3.41908576e-15 -3.35316627e-16]
   [-5.21718085e-15 -1.22740360e-14 -6.80011603e-15 ...  5.68468883e-15
    -1.92901251e-15 -8.57820759e-15]
   [ 9.40783909e-15 -6.80532020e-15  1.79717352e-15 ...  1.47451495e-14
    -4.92661467e-15  3.56485674e-16]
   ...
   [-3.25434124e-15  5.68642355e-15  1.47451495e-14 ...  4.45823933e-15
     2.99760217e-15  1.25420507e-15]
   [ 3.42027838e-15 -1.92901251e-15 -4.92574731e-15 ...  2.99760217e-15
     4.61783389e-15  4.71844785e-16]
   [-3.37051350e-16 -8.57647287e-15  3.56051993e-16 ...  1.25073563e-15
     4.75314232e-16 -6.70297151e-15]]

  [[-4.27435864e-15 -4.19716345e-15 -7.56881537e-15 ...  8.59859059e-15
    -8.10132126e-15 -8.42099827e-16]
   [-4.20757179e-15 -5.66213743e-15 -5.52509427e-15 ...  2.89351876e-15
     1.07205911e-15  9.83067794e-15]
   [-7.57228481e-15 -5.52335955e-15 -6.10622664e-16 ...  4.87977714e-15
    -4.43048376e-15  5.55458457e-15]
   ...
   [ 8.59859059e-15  2.90045765e-15  4.88151186e-15 ... -9.99200722e-15
     1.29410371e-15  4.37844205e-15]
   [-8.09958654e-15  1.06338549e-15 -4.43395320e-15 ...  1.29236899e-15
     3.33066907e-16 -6.69603262e-15]
   [-8.35160933e-16  9.83241266e-15  5.56152346e-15 ...  4.37844205e-15
    -6.70644096e-15  8.54871729e-15]]]]
The sum of difference: 1.7090164895240678e-11
Time taken: 257.54 mins
